-0.5889157202587427
0.28706929551229843
0.5583139727909008
-0.678834347496835
0.8715625963014777
-0.40323782816882825
0.9908358365635046
0.8935955702971288
0.668016183208954
0.4830467490533932
0.5230804138019227
-0.39082579192385025
-0.20395858981354897
0.17627746493230734
0.03754130851437654
0.5944240191130428
0.8401091928157178
-0.059567071420834505
0.7888119649330827
0.501121651997374
-0.5088108741186743
-0.29818453278585255
0.8178139487928291
-0.3195950263412053
0.6127429967372711
0.40753041475510376
0.7034716861972674
0.1057549639289026
-0.602293292472595
0.13215185492930437
0.7094934878747627
-0.504855922666327
-0.3530481102842373
-0.21156692613467531
0.9536029979448621
0.3743598354563835
-0.944385711808762
-0.0856037375677321
-0.026529878547626007
0.18885709210362034
0.9167656529914507
0.20722480145058753
-0.6918590115893808
-0.8807806484697651
-0.27410194739404026
0.8349441703008507
-0.3367719431781946
0.8570669172784808
0.9457139652327966
0.8402817709339852
0.73212820097041
0.5236441472632078
-0.7665504007749513
0.3937161419451143
0.44071635934021547
0.33108423971441514
-0.656206436803342
-0.5023115007458978
-0.9952137239980454
0.5639280458238587
0.4388662370074483
-0.8485152075410232
0.5386097750799999
0.8185082524646392
-0.5997169391976442
-0.05337111904573
-0.30370463960483596
-0.10049774789197352
0.7934203511543403
-0.8170717284659634
0.2963709147660998
-0.30329202175990777
0.47636933481912913
0.770839985345978
-0.6560930396968783
-0.21847927620812158
0.4922413119733229
0.2241827180286693
-0.6479039480504205
-0.5994297766634988
0.9480327225146399
0.8506367939214641
-0.9041671832170992
-0.6270886771252899
-0.9468191226845026
0.19499324595055678
-0.8033950367365885
0.7737584276921714
0.5950423927983981
-0.9183781667562152
-0.2898264692862422
0.033539717154356774
-0.2768143340725153
0.06660064108991604
-0.7533532363452915
0.7096192986080894
0.9035462537456525
0.15399178875284836
-0.05615622939816611
0.5747043399154363
0.284974062838969
0.03496961417593014
0.05308626841335551
0.7599068293841091
-0.45901826392836886
-0.7930445038933445
0.05526353629062397
0.7663913784999152
0.9725138637133774
0.538225571977109
-0.3351707918121902
0.23903784390471672
0.9890973845699476
0.014775341427855304
-0.3285087874582322
-0.1753078466738449
-0.8357895355108538
-0.16050101348710522
-0.1427191821541851
0.21540159262453296
0.12241776365713641
0.019675421314061525
0.6964733305445303
0.1364320998441173
-0.8360036271970781
-0.8464564180574652
0.41163679835591416
-0.8502798029404297
0.8581753922010089
-0.4816449274550447
0.6127958391479935
0.20689810271695364
-0.16742439503554163
-0.36168199969262926
-0.13971602862018462
-0.1608810393655693
0.6867509436550472
0.20735702701770453
0.9256019122888828
0.4625028812010967
0.31459143132080736
-0.6926705356890306
-0.2685413577638742
-0.14503977734985907
0.7581583551798365
-0.3272695109560104
-0.09802590999157679
-0.34098303895489157
-0.7798497385952694
-0.6453290396948899
0.12588122074745312
0.11753448481045203
0.8124371151711942
0.19082687101202334
0.8938499531901523
0.26940620924143355
-0.39022147246366656
-0.9389439093825396
-0.1518427945531966
0.5958027439432354
0.9619630661818415
0.14046551559453913
0.9854263895341351
-0.3661595661645083
-0.5485065405114129
0.9681622919393849
0.3871253326346815
-0.9150567068086304
0.5543078085136242
-0.11846297242786608
0.31086393438789783
-0.325758737799265
0.41028095060963987
-0.87406228467346
0.7858132501713588
-0.7656701369120251
0.37187065432514377
-0.7089523737986214
0.24090655066137145
0.5339563234003388
0.8593832014553358
0.10978683542706191
-0.8522156231385722
0.06562338612174035
0.5420635162469298
0.5271454573992678
-0.5669516100614418
0.11851305515860933
0.013040240388265012
-0.7102850835672794
0.12168103091354432
-0.24925684409786864
0.9502360156969105
0.599846118094588
-0.11907700624041828
-0.6318347689780597
-0.6600031336038903
0.04340123138564822
-0.839126984490761
0.528897508804129
0.22722405096486042
-0.9528279592903506
0.3789027601477166
0.8030000532739143
0.9841665210881936
-0.18675515402645892
-0.6440090499425697
-0.8368296943704432
-0.19050918145070805
0.22475334713733042
0.8908024637454763
0.35407839004460695
0.7133876470505556
0.19819508568611122
-0.5781995940511284
0.41095923851444627
-0.48507040761462417
-0.6124259741793365
0.23463250213194575
-0.6152968306104325
-0.7030586768283178
-0.9821259857497684
-0.20937797689337212
-0.6965267068517831
0.1486167829436249
-0.49854056852883244
0.7559364962339148
-0.5853036890538856
0.18657956291073052
0.09761246620805486
-0.6714957407459288
0.10468935751756114
0.4970959838080562
-0.6448185151272698
0.5436296069779263
-0.6725664808140379
0.7665942355864264
-0.1602932408084763
0.5864987424811341
0.8204148999060967
-0.932392382740117
-0.06497657241039412
0.5917389766570964
-0.4554048634608905
0.3568082807165225
0.0844548913726737
0.26719978939226396
0.027385166993237897
0.14088380547170853
0.7215241910803891
-0.656138705340837
0.22438909261069395
0.1651404057083412
-0.5256154830975397
-0.45451192564132814
-0.19748300281237618
0.6032779105940684
0.9759425530724966
-0.2925081747448848
-0.43547965379127307
-0.1742482577687412
-0.8411036263075875
-0.007904104028960024
0.2630071936034377
-0.9795103042245323
0.26149947359380366
0.009958266306378638
0.3885679170864491
-0.18036671395724757
-0.1354478496494642
0.8889866211472879
-0.678838823188822
-0.8636844234093035
-0.4362295548543942
0.7192686904235313
0.9651304730625077
-0.3921897510169874
0.25981080139084356
0.8414281540622774
0.39420477038155366
-0.6492199567425381
0.6633816307655511
0.8773246509940347
-0.28901755541044905
-0.6598563429333133
-0.8477756043710598
-0.053936974887546674
0.823616152371138
-0.6582272836940832
0.5193053910121981
-0.24245245892154887
-0.9256565237074816
0.7964671961834686
-0.34674189845456516
-0.6265938541494798
0.20437942818295074
-0.9900918404789472
0.26320041310509135
0.29461412347885707
-0.8690851250562572
-0.7716936153139964
0.6652757982288129
-0.5308666821254091
-0.06562845739996481
-0.3297167668626031
0.7181962001666304
0.628045219699922
-0.13098065418519456
0.3625963761710649
-0.12319575012594086
-0.9621683204173017
-0.49042229108907076
-0.183882980891094
-0.17683153501250204
0.3889151197803715
0.6390822196208248
-0.7660677024009075
0.07539993091361197
-0.6353776221224054
0.4968697330923506
-0.6431635150995054
0.2233529321784824
0.8671038275072058
0.07693891381577811
-0.3767508059086595
0.22180553191772412
-0.5881247829484411
-0.8980364904685096
-0.19486546875992028
0.5458673746755458
0.3815411677471372
-0.5669722211423998
0.30758089011563716
-0.6955127005987334
0.2151435983200316
0.7468745872078162
0.21982101856147507
0.35339003370025024
0.7921332880709617
0.504824046665544
-0.05111392159864736
0.22038175656993042
0.6346267634351466
0.4905918786333989
-0.09931464329015349
-0.2008247357567754
0.1366820094581478
-0.6672100556029061
0.48492259348763245
-0.7988927116101663
0.3209147758126143
-0.9794932984523212
-0.6241372279430937
0.11100971317710773
-0.6328197296343567
-0.04172192733465563
0.5642281518914141
0.2310539746076934
0.019377350489535816
0.8120792634030072
0.9552705992797152
0.4764333023644951
0.07080200420884575
0.715443466329714
-0.41012048967642567
0.7762506705264771
-0.42858859528760407
0.4710615802200864
0.39712605812423596
0.3844936767289613
0.6423978122226137
-0.18168070206191578
0.44415847146733856
0.9416829637779724
0.5769416619243832
0.8293894292838575
0.31306341737324006
0.605680334812736
0.5008378311356083
0.13647458252640776
-0.07691253089488836
0.030397568033958322
-0.36959009219994843
0.23356839164139265
0.6559934865834431
-0.5313443767219785
-0.1862076310948384
0.8411674172298595
0.7426138745043425
0.2839903147375864
-0.30864035369525444
-0.7237210337060633
0.29655323026801517
0.5133836965929948
0.013959938766943125
0.3196026956060587
0.6907670790355576
0.3510007748251478
0.07403610715948927
0.8258792914881519
0.5953183715106556
0.27808448608562797
0.4116096354937575
0.5231731252835634
-0.2839411123786286
0.6175509063212774
-0.8163506143069488
-0.11230442613626912
0.257750636008679
-0.48912604026412887
-0.8558830612410315
0.04159269132133869
0.49641797361793527
0.025355097642420832
0.2763392540979799
0.250509692795543
-0.34215012293958624
0.5993519797263795
0.7650069865129956
0.7285738295838071
-0.6810573766132282
-0.6193818323892777
-0.17676366799490584
0.04362449492753617
-0.02642695920691862
0.11019034225167257
-0.840228804189527
0.7744298815160435
-0.5994665340489089
0.8688450125488336
-0.776427554944066
-0.22763706272733142
0.0028668676976637553
-0.5035310205563099
-0.8094703642693732
-0.9336557623067352
0.7674438496090659
0.8754848458955082
-0.603482399787745
0.6821986452324973
-0.49838750808593413
-0.08866364393492732
0.9960131336407216
0.5485297136525276
-0.2381374930614799
0.7998381640657453
0.857616809151174
0.8866088872513942
0.5032266065172892
0.01881529029942408
-0.8505106962188249
-0.6088236298537355
0.5563251631663308
-0.2201217057140683
-0.08003842838788167
0.8319181230616437
-0.157386516296405
-0.9947047572836232
0.4734833775545815
0.7241336272906325
0.7425647512516724
0.7934035119496137
-0.5519836183095272
-0.4020573336024933
-0.5773227575637618
-0.16801139983896918
0.20607893297458202
0.8824838486505908
0.08206870297330693
0.9068661636651862
-0.7757370824065897
-0.6949481413392864
-0.22046806036577338
0.6644736629874941
-0.7769770167960564
-0.761882062671476
-0.5583739328652841
0.49038338411663274
-0.6894370131544671
0.2810673879427208
-0.4773457838861459
-0.753766057216338
0.6774183218647061
-0.2766617514782028
0.35741403819820317
-0.4304413725985696
-0.6927281864317041
0.6795502314622774
-0.818424395702869
0.774072291339249
0.9062057408022954
-0.8428168518518797
-0.4201684316535983
0.9494871588295928
-0.33171576161723926
-0.8506214339574387
-0.891563157279113
0.4048879063430615
-0.5281707400637641
-0.6335453925577257
0.07267493258502933
-0.14134567121846997
0.6909089460273614
0.6975764393096884
-0.7359122460208869
-0.9188405868051388
0.8023971643943355
0.3127118390686716
0.1511987414620446
-0.13676370306347585
-0.6647485122167305
0.7958671410624643
-0.6328652603391749
0.6860617880632307
-0.5077861382102131
-0.22003975784031726
0.13071263819517553
0.1095621804129332
0.6369539881677013
-0.4126792050865904
-0.7238930832760087
0.30256031835417696
-0.3346211148907805
-0.39652806164419707
-0.5179857522560001
0.9091368662786969
-0.5253234673136609
-0.5269271902682877
-0.37369277101776244
-0.6327900183229702
0.9358259253957322
0.5616978852642793
-0.7092007969049869
-0.6034461790250543
0.17957137198923667
-0.36434469971612216
-0.6013254130312855
-0.4824965230082623
0.4434305234378224
-0.769715894659416
-0.6332161473091378
0.07722531295139157
-0.1943329763350281
0.6274873381925656
0.9715079149329751
0.804402496364248
-0.370403668951772
0.7655951413204505
0.48123739774127605
0.9165649160282863
-0.8991123221502344
0.004097094976292404
0.8171526136909117
-0.14788147469017976
-0.33765774662859394
0.20667478530593297
-0.032589585111633346
0.25071752594420205
0.6197851718049618
0.8947266118876092
-0.009720691344228927
0.572112701206966
0.9920005022789824
0.13224571325560364
-0.2482078966660286
-0.1594372008939664
0.22274116912189346
-0.04757635691214168
0.33198827252377483
-0.5432954929810376
0.7690887528135149
0.4580064156408683
0.6520962676088169
-0.9189475304260162
-0.9934462566702682
0.9060587243139151
-0.7969909207357091
-0.5163908815415843
0.8655076278494997
0.8469956663569114
-0.6291645002222717
-0.8700985719220264
-0.8817164430551452
-0.054208660784430096
-0.23954081378234982
0.04709787462635373
0.570748440638791
0.7204465375492597
0.5657411307327069
0.3014709297385596
0.8154408048053614
0.7967703842586642
-0.5601429872480117
-0.04543911255594235
-0.4415511500170428
-0.9027749196915875
-0.43598921210162955
-0.2530145664988037
0.5281304470998174
-0.11679916888653308
0.6881657737261879
0.6389997296553054
-0.1882751978055084
0.19506308219043578
0.7383572277182591
-0.2546783746146981
0.22458668099935553
-0.5214638554078341
-0.7085065043408503
-0.9861825877742054
0.9161968260562074
0.939851838576659
-0.09951941228608185
-0.22508394316307534
-0.09441632249437526
-0.5757730484525536
0.7351706335541892
-0.7304932162649249
0.3859678034719234
0.7531258579084275
-0.7738565833940738
-0.686403301188546
-0.9036342781505904
-0.7490082687978263
0.8809956501765319
0.3716173924166166
-0.809312735539762
0.8942691030031258
0.7080305009379166
0.8186474641951074
0.18564922986511667
0.6907743041792829
0.6719401219956123
0.6912608544879892
0.34270921280017275
-0.12464481157832763
-0.7226395825028495
-0.38826081712601734
-0.28482523807929594
-0.7411696610092142
-0.0039474830641621494
0.2450840199496005
0.8284016617707617
0.6052506396667003
0.8978895133221778
0.2739992889620082
-0.8382508171455498
0.5254331078294301
-0.3750794633585086
-0.8542393859137605
-0.12253213759750547
-0.05843986518938937
-0.5700724631369936
0.8509559747319506
-0.9099871379337394
-0.6699683567232626
0.26612223149472336
0.7021521994431048
0.129173036672952
-0.24354347437014057
0.24993955297890635
0.7050576683827263
0.12511586499156757
0.10900603714511825
0.3199125248479704
-0.12447858786966104
0.8865249672285429
-0.25465845572193047
0.6509559879448161
0.5748967871483515
-0.21453001985127784
-0.016342990103297428
0.748240586618717
-0.18758821791003233
0.4243199471142951
0.8793051957984215
0.9205122104684387
-0.947603430995895
-0.081987822200563
-0.10521602526423912
0.24214561939916956
0.43471645126168945
0.0589973073448693
-0.29770114630518596
-0.7659404585419736
0.19876104992545374
0.5272067284746467
-0.5365919662976861
0.40610190530387036
-0.5538934371341602
0.9170056765435097
0.25310121928979235
-0.027716904475692195
0.08684567920059694
-0.43747958376219276
0.46925377622140485
-0.21836915631484
-0.6295352376118539
0.07262870282495748
0.880551950811401
-0.4449001433987696
0.27557313729096955
-0.3333864140643681
-0.7407320109554152
-0.619922148937355
0.21378902346678363
-0.9957321925026246
-0.8891079991286039
-0.16291237792598157
-0.9255286581333386
0.0581530738983278
-0.7368677092979374
-0.2820773448020586
-0.7042286385662497
-0.9039258006766624
-0.4344236093204761
0.1888598107592292
0.3743981447460092
0.7516348125458316
0.7886080098064179
-0.378472350773573
-0.4324426781889996
0.10970402568391258
-0.809822047380409
0.019071325917615845
-0.5802520003706428
-0.4462585410696369
-0.020075843445884534
0.16285699380940533
0.6783148940879402
-0.9705799580898997
0.47696779465698635
0.3545725817135379
0.5223139224455582
-0.721763991733317
-0.6093154102156932
-0.7551771758990256
0.693432518503657
-0.9164763854965541
-0.7592499850081551
0.19002263069027037
0.36875603348349295
-0.547462585714906
-0.5734010035935166
0.34907548708602887
0.005057417902813777
0.24437300980377064
0.9303035443089527
0.9245933401914674
0.1755027794649826
0.24088786119646266
-0.3604881095375969
0.789972630903135
0.01818390901072453
0.8052796818132
0.7508185188096044
0.5310163455205463
0.9001106513794899
-0.7997485048282529
0.3314923872842792
-0.1318592088502839
-0.5423778348574091
0.25215925688662355
0.04461206310929189
0.6021816570930245
0.07033659126368486
-0.46582847320299936
-0.1982549107644922
0.947335479950024
-0.9437129105018678
0.6975137381946168
-0.539297443375711
0.9440031669279128
0.2782462894133646
-0.40112627924767863
0.897402604961558
0.8084387742343069
-0.6850111237531011
0.843222051756098
0.6770461555586655
-0.5160653942962419
0.403245962895888
-0.17698845722367418
0.18553977571902758
0.14027030477354385
-0.8402361871676431
-0.5450826585083146
-0.49108741617914853
-0.1636908517190494
0.38464407519155386
0.2302607958799916
0.08633199430866001
-0.9640038201696959
0.42508008486793303
-0.1675889409721556
-0.47072947840307955
0.3563494158009408
-0.43902464864815793
-0.32808052803864296
-0.7970332211811919
0.7563631471305159
0.1521951909502297
0.6805957381772174
0.6549184220680766
-0.8847079089920409
0.7425342800300592
0.07912035213765845
0.18803140663444706
-0.4967525346583701
0.4383774066467174
0.9856342373591829
-0.24346211239157434
-0.16655322443777432
-0.044832254917877234
-0.7789389374717364
0.5643811186565875
0.9157917448638153
-0.8859126373001487
-0.6632468101182294
-0.41116709560767206
0.050519399310202884
0.42343709381276473
-0.581041175522442
-0.5547822446829596
-0.36323305869309963
-0.026618857636467208
-0.32845971396934925
-0.23346935395492685
-0.9236806930533323
-0.3025050041464814
-0.1912296269202336
0.4802974843107626
-0.7997401148056447
0.13537549863125675
0.49688969469270505
0.04322892600776118
-0.5107715199742981
-0.9766488043032497
0.5808524369504233
-0.23596442833395614
0.6582677918054105
0.898873551266961
-0.6513547891667777
-0.16759706380157868
-0.09419800876675555
0.73538966143917
-0.5801692694289893
-0.4459999488612947
0.7858177904957551
-0.40979687010863897
-0.6928619695184954
-0.10825381682786195
0.6177147266982255
0.16222739518166218
-0.3756933875910815
0.7241853630559156
0.18481020665460246
-0.5956954641451757
0.7037998450080902
0.02720247844554957
-0.19178831349127323
-0.6455758508814049
0.7662666873825776
-0.3493789977824848
0.28142514503791927
0.09505286778877275
-0.732022533955768
0.3991452124249384
0.45876278544203974
0.7754574435152148
0.5411996493024032
-0.8608795106108376
-0.7305101151072029
-0.9832145351883805
0.5955908168097368
0.7856330866186076
-0.6454352838576527
-0.5484957651659503
0.9349154907433008
-0.16434244758116656
-0.18371745143658447
-0.7683851273779103
0.3228398236498249
-0.8464443805356907
0.7800109902486838
-0.7367963101738364
0.9713872299607338
-0.7389467418162712
-0.04293646872572321
0.9643894117066785
0.4552022426391431
0.005754908497371813
-0.4783643574917815
-0.588635587344263
0.6759056908488925
-0.41175481375718115
0.46650294663942793
0.5451542998267955
-0.12396585026587115
0.06560975866057595
0.3621518834483479
0.8753029703630759
-0.8353073783864406
-0.10151108546173426
0.8674226176355915
0.6086692461998626
-0.27173568594297937
-0.5445580870889692
-0.06056253078116458
0.5961770135644899
-0.5384012763500288
0.02881780967313219
0.5886000815788242
-0.3772278485848992
-0.8472147116104742
0.2117879758006811
-0.7193180395046403
0.09698602261309719
0.6970063530665276
0.4745111464494991
0.6616332782552625
-0.39746578152789835
0.31313041307212197
0.8040728975306133
0.45139840934495945
-0.7495427488094271
0.8434118597601177
0.23784210175925047
0.5856883442765914
0.10678215393268986
0.18425144176920116
-0.10772325557599305
0.5811056274898196
-0.6645160624537203
-0.09347497091568613
-0.35121080780818414
-0.9144617988212977
-0.048041183045453906
-0.9320211045042825
0.9282635023697381
0.055222023265268705
0.7950326523110154
-0.47068580778336866
0.9242822946940312
-0.5093071354044645
-0.5579228780491785
-0.27626164740315007
0.4457927974137408
0.37855727827253993
0.020944095301214327
0.6448326301437108
-0.36229295170772824
0.8645268557492287
-0.7463371178693505
0.2370926773758797
0.02087707461984345
-0.5868110195533573
0.7205888647390568
-0.8400262770366509
0.9936288699755735
0.6264523212150186
-0.13891997412737633
0.2439079234394268
0.9932625982274705
-0.15304498822256707
-0.6496306357072323
-0.8148550062380204
-0.6269333318289765
0.5260613347855418
0.5329347676868175
0.8251656328818324
0.08653013684313793
-0.003931869777037411
-0.48291614961684637
0.6343997807249029
-0.5680619863134397
0.40513950091434037
0.095750003434113
-0.14570847721864544
0.4001214668443165
-0.5696193778156842
-0.7996381747733678
-0.8583231366942334
-0.8828449512535035
-0.6912041223907246
-0.44059664162099854
-0.739406598552776
-0.8038950014817035
0.0722722593964864
-0.8462310930054429
0.12919493776005941
0.9882905041523238
0.6245598803266852
0.08912701490212038
-0.4381585611539831
-0.4724976554205582
-0.9783182607702989
-0.9882863025803839
0.04382192505000715
0.1678788676009635
0.8999861265459512
0.4534541787077422
0.3886160153117839
-0.2843257390704552
-0.10127975856342708
-0.5842504353956828
0.634265851476632
-0.6187449237351417
-0.49088274456790093
0.30355940382678526
0.3276532175602753
0.8083053535606597
0.2677370068711875
-0.3190040516018682
0.17457292341017872
-0.4980418930207011
0.6211535174247789
0.7447250656988109
0.3378311547460766
-0.7168170550133683
-0.5192619521721655
0.9953341525986903
-0.6828494787062305
0.09428491762321833
0.14322495467244756
-0.35672443985351476
-0.467360477903749
0.37589758920078165
-0.8500480141910494
-0.27213253996573283
0.7144424270988208
-0.2972250535535088
-0.5938273321861427
-0.48930554503763046
-0.7107399324401726
-0.1666769050016994
-0.741011093290548
0.10806410006048517
0.5303792931435476
0.4554251754188732
0.09380973231027934
-0.38383444253295784
0.6041289516000208
-0.8259702892076639
-0.9825523721305218
-0.8094075670010545
-0.005036644981089244
0.1848730194891437
-0.26729610991422836
-0.31308230913025703
-0.37422061363085035
0.6059297247694586
0.719823845504207
-0.8216919662099829
0.9997846506573556
0.6928056488615981
-0.30218940450553355
-0.6467654704383283
-0.8020192421318371
0.2271300864629211
0.34629836701528105
-0.3645251212872056
0.5944175331723076
0.0846025014183005
-0.5365277673706221
-0.24921770800559218
-0.7304648617215155
0.3825594122693845
-0.4306522821598231
0.6604640885343684
-0.2224598616691955
0.9312070167199715
0.6265110781529468
0.42861654887194733
-0.16886226835544416
0.2682954229166119
-0.33486885299466507
-0.7078230117010713
-0.014374430988022269
0.6542043225773115
-0.3202666490410653
-0.9440075439839268
0.5618600571431875
0.8900992592697305
-0.4854408663352783
-0.6727424413698737
0.8012712688225994
0.9269135201399341
-0.0064700387386738
-0.28495449707230636
0.2653103827330461
0.49273667472396276
0.12604461321761828
-0.17117444255950054
0.6758069582098838
-0.75831148396893
0.934673976298305
0.23304820516808777
0.12261723606837505
0.7882617742773883
-0.7613939874965636
-0.782842174692568
-0.03702821904691511
0.049456279072347176
-0.9807714453572183
-0.6572556984691362
0.5829517892963978
-0.11261553968140503
0.3980465046651547
0.6629004125568227
0.9530707310947395
0.7526722538302864
-0.15442547839049636
-0.8692042960729414
-0.7549666497231269
0.6107564279717703
-0.7808451733033657
-0.4747192390692363
0.25866327545957035
0.17602898089696484
0.6029657454713877
-0.4766203207342563
-0.16746064586762266
-0.3581121322773668
0.5466552268754523
-0.5453251746558843
-0.5259092493216202
-0.7661754782732388
-0.04317975653049433
0.20296884534362536
-0.1928156333468709
-0.9619565969630259
-0.1999474088004034
0.7265955540987663
0.4241017208336857
-0.5076089281359843
-0.24234763737396592
-0.34813563479706633
-0.9133515604580054
-0.9338673516583538
0.07871556989456119
0.8161847668983506
-0.776598226408385
0.5428732309279269
-0.8573239207442205
-0.36087940622063774
-0.861845471628971
-0.24997005528366456
-0.9243936189177029
-0.7492281393239686
-0.9727778643438909
0.04284884566734726
0.37591516967886696
-0.9531602656056097
0.6584436430764731
0.6763073104511543
-0.5208445713339813
0.15292450580345207
0.028087837090703616
0.643799744310825
0.9723341439448525
-0.5902679242777917
-0.8750935521841661
0.3383771853860633
-0.46346355119765414
-0.4534068654646879
0.571554061947205
-0.5662549829057184
0.5057327030054293
-0.7757522209332379
0.10287311835293256
0.3628836762227443
0.3164559051379663
-0.8525536968495999
-0.29643794737876017
0.09357491349188107
-0.3391608228185279
0.4527161555997963
-0.324723966927859
-0.8413320599748089
0.3753057772186372
0.3583791750992793
-0.9110500202307574
-0.5249427758568073
-0.5945807664732132
0.3251583955055366
-0.5734147812552448
-0.9215764786462854
0.9415524566145494
-0.8937956804787182
0.36601721417792565
-0.7503669629261052
0.11723428969426175
-0.9458942277296405
0.6240207756408689
-0.3055969975558339
-0.7140141805576428
-0.6322900881740046
-0.23580433411784796
0.7388714303280519
0.45439985217087253
0.5042106145489453
0.023197049497350575
-0.2805697062156003
-0.18707086692308494
0.9722058774577647
0.9163003049027465
-0.13311695341684793
0.22266574954976792
-0.17693565833246816
0.016982816837131987
-0.9191434260212512
-0.0010781421963792504
0.9526564336276708
-0.032820874387510246
0.8335839401608935
-0.878647296894054
0.9252056690433832
0.7800183536234546
-0.465812034513319
-0.8369863147079595
0.6051308165974638
-0.35289708502357087
0.5797344742293249
0.198250871634579
-0.44007264273350355
-0.7123684833800001
-0.5621147489887881
0.2143093534820033
0.9312958726938658
0.2996499337395828
-0.45835298310712425
-0.8732018902382648
0.463240837113184
-0.8636126783384275
-0.2870349167374233
-0.7503839555021639
-0.2830908294247467
0.5598249636244117
-0.13683157818888425
0.3720737985596798
-0.48986630685207944
0.904994822567116
0.26942134895386505
0.6985864262563419
0.8119717184882675
-0.7774776655971831
0.8270402977026352
-0.6830447375512088
-0.6246970082665373
-0.5347018051507471
-0.07274660133761679
-0.7657927115243988
0.07668740725293666
-0.9375123399435743
-0.008570781218067314
-0.502866222937737
0.051727270185776275
-0.6757376546217795
0.3752356654351101
-0.2289156381838109
0.15433485591855178
0.23293063164521155
-0.30052970765862885
0.9182173976152526
0.7790291068057202
-0.19569192346687414
0.13596790555586713
-0.7586808495994397
-0.37459108767067884
0.9419698722291001
0.024386927764110222
0.39624418510390425
0.5319348449518952
0.09083522651895248
0.7504423859303591
0.7081483569705695
0.09594840530282589
0.35739209794382076
0.9209953841976264
0.23837855350531467
-0.9510894578768851
0.5000355503058875
-0.5936344608534592
0.13890047741264655
-0.6652280482185575
0.31805895645920157
-0.28575594775783486
0.34546078111102285
0.5922129218591512
-0.17524962096493968
-0.3729558484511841
0.020074723892832935
-0.9719421081652773
0.32080822169450207
0.3266312842492962
-0.39514958164181335
0.9613822961664746
-0.42614807633787044
-0.18999677756638866
0.4273640358203361
-0.8456044542129431
0.024852686795147516
-0.5985971292709487
-0.4323895451986792
-0.9730335575510627
0.133331436825189
-0.0748907682892972
-0.5196446867426783
0.847472466908511
-0.10097998494663463
0.016971873040450003
0.3346146546975042
-0.4272190071823301
0.8843299091246339
-0.42785526384343453
0.27229319890359305
0.15036139947542337
0.8294327145356015
-0.9159445897888356
0.6783235152840543
-0.12362394388759745
0.3609527074195291
0.7039349608823846
-0.37022367461108696
-0.1332353799827355
-0.2840245965210415
-0.9402167625015543
0.2537535201868668
-0.31947828196412864
-0.8970471281295918
0.7332102822818396
-0.41142866545569357
-0.9821858151356577
-0.874683692813955
0.7768572955719406
0.5510486529326772
0.8840711916140798
0.7230449989329717
-0.5972692771167265
0.09168398317990856
-0.14220530239919338
-0.8270973307738632
0.7036020416030466
-0.6821805190234345
0.13265253016424094
0.6575520362300076
-0.47777820733279186
0.3002087179727331
0.9957284161088411
0.6852449915621266
0.0005682493569199032
0.8770576192786821
0.4453651364846225
0.24785890339415828
0.44340563973526037
0.8465337089880125
-0.6981806924471068
-0.10616434486352144
0.7118347315529427
-0.07853996143971775
0.8908471797927422
-0.42467964567344096
-0.34680248121021484
-0.4989450730034144
0.5426736426429277
-0.5545615756310553
-0.24843499337995945
0.5315641025401994
0.34038430209270665
-0.24495231381063265
0.40123307091027205
-0.3580620700371755
-0.39078382711450255
0.42194867630625255
0.4960455944338271
0.3866308058338279
0.970282012018729
-0.581595397625041
0.40907112381896327
0.6527661510997966
0.2679159083531655
0.011038346021652767
-0.38273751188531513
-0.38032101736463764
-0.94399313084695
-0.5868068709257761
0.20979219642829983
-0.030093475514096912
0.17604729345672743
-0.5519727229322626
-0.8595658814677591
-0.21592649401210418
-0.02523599363151452
0.9843926953853168
0.09816289161215841
0.3715180765787538
0.44184394502666713
-0.4262827141115051
-0.12527499882070647
0.30082139944470243
0.8310481679814032
-0.5372040887753022
-0.7225552980695422
-0.2613651230979759
0.8587431020667793
-0.6219142506340933
0.4725269556366789
-0.12185789000912295
0.9162961300227124
-0.6067584715603316
-0.7695159511068179
-0.4493521146408255
-0.8529270972848331
0.5337773050242631
-0.9302796257076675
0.40775764220510347
-0.35767844340637667
-0.9803699266859964
0.6711260596794753
-0.8939980856907732
0.3202053461844594
0.05734725009489172
-0.623793474052311
0.8748057533353839
0.687488965033874
-0.045252774624309655
0.8538869763319805
0.9859750551311397
-0.5122733446554131
-0.7570915498496702
0.3989840465872314
0.28663855871075494
-0.7721206648686807
-0.6125637310086058
0.7069931234280526
0.2878699958212485
-0.2558686208003518
0.8181632041183411
0.5173698684120949
0.9161882365412033
0.4841184123670137
-0.4083796735023866
-0.8529847758298947
-0.476630971047306
0.21476437561367345
0.33439738457236956
-0.25639754102057366
0.3539582231076299
-0.9284949183184055
-0.2683115525598485
0.00969587761983881
0.595319694667334
0.48196680805190883
-0.8028758467762096
-0.17182063501360423
0.6354240791183701
-0.09177387251569247
0.2761524266124997
0.8505571826097134
0.17561996126563773
0.6186325860625039
0.5597977382620469
0.9220460091253575
-0.8150671375439325
-0.856644499544778
0.3875632845203314
0.30121939959082655
-0.3502642911177012
-0.6750819701823416
0.0571419601341252
-0.202985207307272
-0.6209132119505059
0.16075058816045207
-0.4689746655167162
0.32120517255694514
0.3985059474147534
0.6964133339744858
0.5988110766685493
0.289263174941051
-0.8644017586751052
-0.3594956888622436
-0.5882202547194824
-0.7137505023164856
-0.6410461868838853
0.9027724632535972
-0.8117623035989887
0.7512873747761546
0.03636241360455461
0.923667179102891
-0.9297492231495721
-0.742555793122814
-0.8909429245567397
0.3226895295987835
-0.3240366109405586
-0.12373698686003332
-0.6652701647990777
-0.7872136937550649
-0.42795455479444544
0.7106836303493997
-0.27450933352220597
0.04806172344995452
-0.4543182682087936
-0.9628444707679391
-0.7634023790011544
-0.6401568868167811
0.9647921638261818
-0.40769890923354946
0.2376300222091905
-0.42352986658080205
-0.00844567871072277
0.7526840698982578
-0.04082360082981884
-0.6542857480837123
0.7120058332781387
-0.08083014882222428
0.21775951131251947
-0.8569811136852232
0.07794101898303385
-0.40349807144940253
-0.5707062279525832
-0.8883287837918599
-0.7133090541345259
-0.9931179555685041
-0.7699409251898814
-0.8189459643336279
0.6411960049545176
0.7602523067590965
0.9617218993280585
-0.3434052534071961
-0.5878961314414128
0.47419093121220923
0.8564813994400868
-0.0672143825826248
-0.23396584378507712
0.2321895374237115
-0.3747962157518545
-0.904182177848381
-0.49993209552629625
-0.04273883305935122
-0.3707586998907819
0.4543096703101226
-0.6016424126737709
-0.5911881213525556
-0.6055819622136143
0.6093339737980128
0.5254518061703675
-0.20752995200381763
-0.6637292610333059
0.5229680033329125
-0.9860374827238692
0.7277786892833185
0.37728159423380525
-0.11747871755321726
-0.6823525503290275
0.683426661951031
0.7921493610128318
-0.6664107357763633
0.5904608070214452
-0.3707431210220602
0.3054193567786623
0.8599801131092508
-0.6130405426470629
-0.6673700517764309
-0.5055956006506375
0.6916310141257278
0.6539225472592405
-0.2445930549108548
-0.7280322977352758
0.12171539861567426
-0.36718301428254807
-0.17308809001398084
0.5849946919183096
0.6080402040299286
-0.020281216408971847
-0.07543978341899349
-0.43887633236174173
0.7822200863920956
-0.4649284482332958
0.6696700658391681
0.7434218016335084
0.10141113743696839
0.6622257933439584
-0.038506781030715365
0.2644157214071743
0.8144487202920032
-0.5803289835585552
-0.638826522025038
0.10007261335485662
-0.7132755818590277
-0.5702860543213557
-0.976396557758527
-0.3834697254214454
0.2153714978936132
-0.30165588679438726
0.20248606417910886
0.4868553212374511
0.7680372486400684
0.6556155670137795
0.04969978710986678
0.8928470453873121
-0.5103818078720037
-0.029959844046620665
-0.6750563587945864
0.4811536178841398
-0.7646844926642895
0.22297999133865476
-0.9543063841658628
0.19611765422369754
0.5369328955551482
-0.9689556720592805
0.054092923789284875
0.7437097413697793
0.2768092197471286
-0.07942868467051967
0.7681346602443855
0.4439635968464366
-0.15956299824460918
0.557214557897844
0.9057982935352851
-0.48934216551083676
-0.4573803087935553
0.5953310108006913
-0.2922080749114331
0.7637089059626803
0.771823949097197
0.8809695692286281
-0.8785497600086531
-0.41480271192904383
0.302167413317582
-0.8165695670818256
0.367317738224719
0.6308776316346156
-0.12435471952797683
0.656780634678338
-0.8768163490315688
-0.8988740152071695
-0.2763235762312799
-0.19383932363557976
0.27423536971767937
0.4922914408588117
0.41518474035355046
-0.2078550891361759
-0.2117945545660571
0.4712445818350681
0.8732566661427534
-0.7165487976958667
-0.6289456403980733
0.26970921788911717
0.8478486875947495
0.031104043345409282
-0.6625529288068948
-0.5658196833456475
-0.16023857579389933
-0.8980341637067397
0.41207832234477126
0.22861179035805024
-0.175360533738798
-0.7008799745915777
-0.27947846959991995
-0.742419955539767
0.3565126697100942
-0.29390989372563325
-0.1550297151406519
-0.8869215473570393
0.10334313634805303
0.14911723593794246
0.5434133858814787
-0.02360850633720535
0.12946984971374342
0.20528298768584152
-0.28405463021881205
0.42094011389498864
-0.870544256105581
-0.5016602762949953
-0.3742396717015606
-0.9599633462843999
-0.4016340535243583
-0.22297897146174295
-0.04720465720474887
-0.12239590459583094
-0.5296681323459491
0.2887986368176332
-0.2961856930713027
0.43570629776457004
-0.9207030428739511
0.8279130058510351
0.6797986585172333
-0.04237189489667936
-0.25449299635887535
-0.9395124347711235
0.6653620116060872
-0.7987472456260392
-0.9547846733252443
-0.4522007973987443
0.17987386976581
-0.09574641310048193
-0.7943814722372196
-0.5939059144941161
-0.8870717209114829
0.7069621921892792
-0.3098567732192594
-0.6670281342638675
0.023851921610365645
-0.7713297929796645
-0.2053697588888841
-0.8466847135615687
0.5724004036489239
0.21926235646589176
0.370048546455356
-0.4127104916288622
0.3684140736961554
0.4347279925391152
-0.34705784523316763
0.09798765159173795
-0.06615603449452245
-0.49879520151432577
-0.969541919796195
-0.09689101916773502
-0.7453059303442635
0.8904198983775813
-0.42493924023299035
-0.2860332751538861
0.12727083825227448
0.5137509292457954
-0.9135917311146047
-0.6545871635539762
-0.8278971575034044
-0.026075168430345075
-0.324632323940115
-0.4681943135722082
0.7589863148735136
0.697589464940028
-0.18544049012790853
-0.6725245563425444
-0.1515514331741743
-0.10284668130296204
0.03015028668970654
-0.8814910246310346
0.6347332197699738
0.5724543048743966
0.9057528156325572
-0.27178605549410384
0.768888734117477
0.4695358942024921
-0.9707115239079149
-0.6555890367522992
0.19178273461540618
0.43492819947006445
-0.7488445939028603
-0.014107249108129105
-0.9406172618726889
0.7951468938781654
0.5509506860678763
0.589656416583273
0.13964763867045749
-0.7275278722387788
0.6437540902566687
0.20038567283330844
0.39557131594662964
0.6752295995065107
0.6073339365255375
-0.056693669867687424
0.5599747876145453
0.39207470768119457
-0.7804203108382719
-0.39898717623838165
-0.32480683188248594
0.47759912222845724
0.8004941547370563
-0.39163792540077713
-0.2152555669952294
0.38572659466056347
-0.521835404055548
-0.45489561527040845
0.9755306630479228
-0.5602016802325236
-0.9989182587234042
-0.37560567781848886
-0.7480923255437057
-0.17935395966508882
-0.4126470878096844
-0.7527960239723399
-0.02338195100645324
-0.46192062373748843
0.9201510212907202
-0.6036820654793411
0.9109631623682024
-0.5472464122706555
0.21767979953232897
0.14428205886614487
0.18963394919589893
-0.08240049670561733
0.16665233122772616
-0.735090151695998
0.04450307580579693
0.697996478570148
0.3367399193580707
-0.6093550895325806
0.16290404272452585
-0.07758907025074668
0.7505974392168904
-0.28478609500715946
0.21092525704877252
-0.24384507980309023
0.03667260904269365
-0.16897196328545316
-0.5275898782661557
0.042538987296318
0.10840213932582432
-0.7533698380181402
-0.764021133272589
0.3261427885221684
-0.7466973830040158
-0.5580488438130422
-0.6306476664851779
-0.38629783934273587
0.40855011546880204
-0.28948305965344145
-0.8997138052726115
0.13658183668647417
-0.799117117657477
-0.8518478656250559
0.647298205951452
-0.8040761532739058
0.8540789903625186
0.634362092342635
0.3734154050421976
0.748038197897072
0.22347237769451556
-0.8410862794595824
-0.1892768791830024
-0.3409391748511852
0.5781876915762656
-0.6589289677971548
-0.06753610037271707
-0.704736372395937
-0.5933404829310653
0.26241069089007496
-0.16817396047539868
-0.3527746319521359
-0.9210971569872708
-0.25772775014919946
-0.5317119760475393
0.7284665266889143
0.3252260633865174
0.8684024587422605
-0.22593886206602543
0.6917907898499376
0.6619267115117227
-0.728728879068548
-0.6498301391739574
-0.1658193476316876
0.9398566668032562
0.3351587179413418
-0.28204172263782445
-0.11247050726964125
-0.2583416436968251
0.6224985854412031
-0.544260163818928
0.9486589205956797
0.15393511108219804
0.989160973365036
0.0467702638649381
-0.8091921868943903
0.11126823702163136
-0.42707668639687846
0.450344436379974
-0.2986826021217053
0.2155483714499158
0.4285156472836622
0.7966488196381971
0.38977784050425
0.9467768295001562
-0.3518620214895132
0.6390805331885661
0.3527808877655778
0.11148152483112161
0.20417787828289002
0.33458860187212225
0.14553942254454189
0.9212271997992898
-0.9616876502158922
-0.3763364667947948
-0.08322803693727288
0.9822177992904533
-0.5433570424153618
0.2359243722541664
0.39086731108614114
-0.2560082604202021
-0.3344077662807907
0.7501784047948137
-0.5186642731120019
0.2109249757715408
0.38386817887475355
0.495463005641154
0.04254813562909732
0.6694842936862879
0.822041621034848
-0.029753289957453743
0.06446773647092585
-0.8258665458678633
-0.8647767954594834
0.5893057074607899
-0.5216931993397906
0.5986651263403904
-0.5034479528291336
-0.4197690604201969
0.193636470832107
0.0011846754345865573
-0.555027347370324
-0.515538784513774
0.055189006690828935
0.446475637329085
0.23024290110827028
0.9452835489246003
-0.31645097944129863
0.9141077241574607
0.26320044419368305
0.8921191727427027
-0.8441102101757674
-0.4521509303589233
-0.5037947757641277
-0.12097348364107074
0.32598880571742717
0.1619068052631849
-0.3204134925278599
-0.7136456893938232
0.027423077146593533
0.5274876644380422
0.8930798492051515
0.8561753910240779
-0.8710854698769566
-0.040252242293037366
0.7527507969608984
0.28191824740493177
-0.8996398218023873
0.17328890330394398
-0.9378961162142394
0.6323780689374183
-0.4109189376723157
0.1828660733419989
0.9774861524259104
0.8260654958495153
-0.41988293034434254
0.006137469859052391
0.1499668332169779
0.3390327221663243
0.7730711531411698
0.44239719180653725
0.8462996274598051
-0.49636692058452336
-0.4805686472824733
0.4958613883574907
-0.4809874033860859
-0.9226425929183886
0.22573501273077712
0.41599623620742543
-0.33737940961268964
-0.5317975306238667
0.05372071819373603
0.7140412308759987
0.8174894989674919
-0.9493583437384057
0.48602769762549736
0.0813531152821112
0.5308019309451759
-0.9760879158287432
-0.05117910999328412
-0.8149825907094177
-0.26962843869070774
-0.6618675006887353
0.7503589259332273
-0.12163120889649415
0.8006285327198228
-0.5792356926718203
-0.055535009718684414
0.15545614340811253
0.762773555702261
0.4079449145038905
-0.0409781692368123
-0.21021553103796142
0.7490744001839407
-0.49723518600333616
0.2414786112178513
-0.14896242189624154
-0.6151412493043751
0.7670012653088178
0.27446822322049047
0.5772384082559763
-0.732761018818171
0.9872530670229032
0.9729214766882319
0.37992165601277494
-0.043653372301011295
-0.01843980174703619
-0.6454583427426825
-0.5165481364020146
0.9509867601995903
0.35905122675861434
0.7655268134426017
-0.15297783163632173
-0.7483102126856509
-0.3823275345119601
-0.6173496012250053
-0.40097649594122786
0.216017465473072
-0.6985235616269228
0.6193253899327487
0.763838154110382
0.6492730943549783
0.9390504573608922
-0.6302681469045228
0.06906315816923292
0.5626912370232868
0.5017347900627087
0.23384754032773025
-0.7400643117135368
-0.8963346510018337
0.23786716458659796
0.10825539250450777
0.012064660375397551
0.5579796240351911
-0.5804341328389768
-0.1415619955535974
-0.15298089797832715
-0.9270402369178321
0.05616080711571936
0.774569335249508
-0.36419160768499714
0.9166694824824957
-0.2276200719878585
0.09352081205369056
-0.0320806575465713
-0.37274621532431707
-0.6986944463818492
0.1727162758987031
0.8574167806997832
-0.7194317258806286
-0.5181059575723961
0.34646500496323296
0.1031687949470379
-0.029986553143200423
0.9817786976616523
0.6608831941233531
-0.6321505801410277
-0.28801444892057915
-0.13118503191200226
-0.6378261651935118
-0.4791823113107625
-0.7097535264467778
0.6875138894094952
0.9564521344899533
-0.4543829053192978
-0.3858083865628794
0.09520866786574378
-0.8700300596619615
-0.8476512753113621
-0.2698830379472823
-0.6187164811489321
0.8194469859466311
-0.9340130478347175
-0.9404996372902361
-0.8539488496990009
-0.059110929235697274
0.7683758153709119
-0.5679055591961215
0.45034149323003314
-0.4103013949646601
0.27959503578383726
0.40170221989328225
0.39629529083147896
0.6383085205113321
-0.12976055136982478
0.9447153839940972
-0.2635839202885526
-0.12518518189560535
-0.177618791807731
0.12030837549401752
-0.2702387959624828
0.49668348450081856
0.6397344219024379
-0.020603530327909736
-0.7750935940807651
-0.15883120411144147
-0.6607852951062823
-0.7763441511474185
0.1284262617523737
-0.9541998751324476
-0.11723209715797522
-0.8849215889999029
0.5820919801183873
0.5458580514134492
0.029371108419173453
0.9597706853015977
-0.6248125693918638
0.9586968577993995
-0.4194986498291735
-0.819903612178515
0.1577818905511723
0.8312669263240569
-0.23767811776125236
-0.31980176450065567
0.018095767947297947
-0.7665711460988218
-0.1978990461384318
-0.9561505146521243
0.7062785957679574
0.868378040182398
0.7824660310844329
0.6957807659081672
0.5104321947507717
-0.10000411214972216
0.5663395002839944
-0.616247575286319
-0.24500475347303285
-0.38358326153284894
-0.953436027792314
-0.8712698007591477
0.36649644987525787
0.6260438666315387
0.7329295732715504
0.8666806914285932
-0.2384203296376204
0.8824167361647062
0.310028750881179
0.0797653396485618
0.6945433753965462
-0.5707223886004391
-0.23147769292865883
-0.7267223471418971
-0.5869104866141299
-0.4126432184912947
0.10924485018499719
-0.6670381659486762
0.4989951075974126
-0.7752096812226432
-0.20657238421542656
0.28166800665511427
0.898204184910685
0.4254776413316155
-0.5267680462009383
-0.05807864797830997
0.14983126223496157
0.6962175688266075
0.35430254156148466
0.8510060676782825
-0.12953051685711547
0.7473187657020863
0.3126136622009146
0.6894818112378471
0.4362468965441211
0.35762850291422543
-0.08449386152511451
-0.8596860043076195
0.5908461162139553
-0.9224417817424844
0.2980032977347602
0.698009652035589
-0.48901409680786245
0.588525170710352
0.10295682313033572
0.21645594780649202
-0.8295903092553154
-0.2220916253020906
-0.5381082274112707
-0.9907954492412052
0.7368765341777768
-0.5304645998193536
0.7311584601485244
-0.17179063533900885
-0.3161098842515857
-0.6160177620923626
-0.7344430988866806
0.523081875085796
0.4421624985288304
0.16345948206390437
-0.504644805789114
-0.6766216453969136
-0.26993772018376117
0.8146936330391514
-0.130232352842526
0.7743202960982551
0.3637878407849868
0.041067180993330954
0.4033303315028405
-0.9566830464883251
-0.4913013989907735
0.8263212018773896
0.6337286455895281
0.4860566026489026
0.32236040350233863
0.5900137048453546
0.1696707013752854
0.2886394402499646
0.3610863534106332
-0.23314207542795606
-0.14311704746544773
-0.24196284369599796
-0.7727407153281742
-0.6434931063340656
0.22982643590003105
0.11950943196339026
0.9050226242401422
-0.5344811803220533
-0.7096020160173602
-0.2757529164586463
-0.8339615879472702
0.4743648342053344
0.3011258708511215
0.8957170693359844
-0.5638388135783832
-0.11498207122029602
-0.8441927294928737
-0.1236213553938994
0.3057948857188879
-0.7464894751554942
-0.06968191313532146
-0.29048929343957197
-0.039229666950331366
0.8005381525805968
-0.19370113549280088
0.5135286192185635
-0.5160598767804216
-0.9634119049845384
-0.9533450878997594
0.5666908927146543
0.47632807218475537
-0.5573470187405778
0.07825009445208697
-0.5486554500302012
0.6639433103082626
-0.4514288085676357
-0.9680527135358405
0.14540873250043984
0.19058905969325624
-0.6552029437124209
0.20173338563449228
-0.8712882662093526
0.04940980232798897
0.04355873514829711
-0.04266969881260252
-0.518564816030618
0.43759565559655167
0.01992379874106054
-0.22880364187541713
-0.3521380781925332
-0.7858511603052611
0.29644041556921774
-0.6726028236570363
0.8875227751410715
-0.18161210701371977
-0.6387624156710705
-0.6001736224601795
0.5209429117721944
-0.9066840470365247
-0.7890340736555979
0.6907241806238011
0.6402792563980375
-0.686853808367488
0.08214289402629515
0.09290719306271478
-0.38484549384178957
-0.05379867112823278
0.20914914399311924
0.39113738897226424
-0.8801322971235443
-0.17543374470280226
-0.20436957157615576
0.9432772031799066
-0.06629380842487254
0.22851234868267944
-0.1135747975410335
-0.3674226486636316
-0.29069924611233566
0.8923448704440256
0.09102675526798953
-0.6989661454859528
0.7640385516160504
-0.1509970675813077
-0.38913120788153854
0.8905584377008253
0.7603780743584758
-0.6896411870529715
0.8168193220876592
-0.25407520214559676
-0.4195096993772276
0.08989353034018754
0.42296288573466767
0.8451553049834488
-0.8797614007217371
0.7206003465078246
-0.3216000535394463
-0.8534729575858084
0.27509487417231315
0.3518014291117775
-0.044177382040224256
-0.25567772456393834
-0.832295358022989
0.11736225501604047
0.9138992651226827
0.0868278454619924
0.6022444100514239
-0.6334491523811627
0.7738898051727914
-0.4550725808302214
-0.8732184186856038
-0.3083120909078356
0.12286464325491608
-0.7867883497088055
-0.9875305047963188
-0.6013488008845638
-0.438648916046279
-0.8203807743098677
0.878813697374141
-0.37035493272638487
0.3895043626361496
-0.43600467636961016
-0.524406211607968
0.7165462430894516
0.44026504764681706
-0.6645623030913241
0.40665021870084117
0.6849945944271778
0.41963358697056785
0.5678084425513332
0.35692724748736726
-0.01933137572411714
-0.9823959508492923
0.4874998365185812
-0.33802638579317845
-0.9942851288801144
0.1381888664769253
-0.6307725081825497
-0.27094531863875404
0.8019591102422947
0.5264864250120442
-0.07719942985284645
0.30175877391488637
-0.6202834063859013
0.08101163525268018
-0.8117509477522391
0.9467516224716317
0.5558486400566365
0.7508189411007535
0.0892813290055785
-0.14605904101537548
-0.697839069872314
0.7656542016968413
-0.04330364848921753
-0.17640816650383395
0.9751175906949312
-0.6728824634749646
-0.7274565312587697
-0.10055136191498182
0.9136137393870882
-0.3763070026337776
0.6262991291451956
-0.2740126436243513
-0.4278902430368181
0.9384569446027866
-0.5361437730046863
0.2747164849640662
0.38643827993774194
0.17442609220880656
-0.9151520539587019
0.7611611974753063
0.8454959540394793
-0.6601881071898528
0.5270588815211856
-0.2559193154383692
-0.6733500400576367
0.36563710525181703
-0.49868420308948513
0.5271558952118138
-0.4004729863675782
-0.09118242904112295
0.6570607408945011
-0.39703454515536407
-0.8985096644874555
0.9821475999756359
-0.3401920361269899
-0.6849449920650788
-0.7664760069190215
0.40065656678352246
0.28176634151959257
0.37621363220297566
-0.4117507196149277
0.5468505282235205
0.8068818672368498
-0.8476304044321976
0.16449942036335874
0.7778795822068398
0.49696483849889805
-0.8025913604613208
0.9208771253904866
0.61236737342347
-0.9010717725812107
-0.5191200921752139
0.6304830582539434
-0.965307766620825
0.7434042717668379
-0.6334122218742595
-0.5241575419264801
-0.6305617006704536
-0.1776685052513589
0.7414595815270617
0.3371285344587349
-0.8361225510632524
-0.2323613477321962
-0.26910517378822596
-0.7451195080444051
0.24967072237250454
-0.3841088584932988
-0.597030659339099
-0.35904817323380755
-0.0852045430595274
-0.4342484049912487
0.6967031175637379
0.6335423807435043
0.7913667513522182
0.5400936983763676
-0.9634950601082419
-0.5746734708167953
-0.03734666639638329
0.034352124815135054
-0.8927995046372634
-0.8907860820461464
0.16772772968252392
-0.1781778822226252
0.05293902018010277
-0.6910021938325615
-0.5404115756964911
-0.20207630592756565
0.6999575747486924
0.23564634982192278
0.9689184687548884
-0.8410183192642333
0.5020644563442866
0.3248991611597929
0.08463638838753229
0.3717888353803396
-0.6777669214832907
-0.38942026588472345
-0.3896069008676992
-0.1901531740436302
0.7540976643383948
-0.19968659784961384
-0.25926110709312833
0.33221289933784504
-0.7337124317635371
0.4783064455946415
-0.6315705471843076
0.7605094469959184
0.09305286072502938
0.0038444001620316914
0.8255324711144285
0.7497871750278164
-0.08572793769206455
-0.6301040390986798
0.8473883659472776
-0.6911083400103926
0.5671610550637389
0.8449095442318197
-0.9879571609436806
-0.7318692733614058
0.22248554308269708
0.0328827551868176
0.8070506471320416
-0.14242404656023244
0.2040996473184009
-0.5708361262225674
-0.5684476393641116
-0.9127053389050104
0.5527984399975867
0.8830754944482859
0.8821343705256077
-0.9599079532367234
-0.4474597366979425
0.965981627337867
0.714625553296496
-0.341729943939568
-0.7432418629055351
-0.20662420492543743
-0.9286111353482054
-0.42624122716737367
-0.9431053956714335
0.5486287557973375
0.12979543167874774
0.1800815375011371
0.20542719628532558
0.35559898707044035
0.5497086210453344
0.06384362153247403
-0.26669840591282123
0.35700517713959745
-0.11266872661672722
0.25410738367065133
0.1573010580768459
0.6449699943378402
-0.6609767746393305
0.9555215934692345
0.9310646915826088
0.9473114376818821
0.28511989038869
-0.2216121681024794
-0.8410896350204733
-0.15774208004160517
0.6750353778341924
-0.25529092500289985
-0.5397900656643937
-0.9209276315579615
-0.4468475623716581
-0.9344141096344576
-0.8395860485318589
0.5989367856186019
-0.2535548402117449
-0.5849504960088616
-0.622366593000768
-0.9216295609140386
0.7417142792519549
0.05962796564376194
-0.08097405347166253
-0.7293651123773022
0.7528162560250657
-0.5684896901621581
0.6156965258824747
0.8202641499051846
0.8182720978461135
-0.35946895624081776
-0.7597151738322514
-0.43915141898851395
-0.6828057407045096
-0.7559278513756562
-0.4144339758777629
-0.9471850784124101
0.7185875566421331
-0.05849738087254708
0.22975010217117653
0.9827128802903151
0.09172586319704923
-0.6623256086732259
-0.6523716856156954
0.7316213324083805
-0.7291640641414403
0.5050816108072551
-0.0793890115037319
-0.9854692271546954
-0.03876495083057496
0.7496556095883826
-0.031951299587904325
0.18514990941167664
0.7465163465488547
0.5020309860986552
-0.5227250274018964
-0.2320307308630971
-0.8887149643948298
-0.6498868891764464
-0.4270563421993321
0.15029496117717622
0.013602382965388404
-0.4114248320901146
0.033614736519211874
-0.6148355460805615
0.008643639337422293
0.8853099715742725
0.11706564726920643
-0.37368149363335523
-0.6801051526708917
-0.9574722860932139
-0.21113791208550903
-0.39871945521740426
0.7981437822472814
0.9901411997186684
-0.3037664345684481
-0.9987795191786861
-0.8362348263063992
-0.0658498611049767
-0.46859132305735374
0.5137064396951758
-0.8993768571622542
0.9820623242727233
-0.015765264074696805
0.8849345509582465
-0.09051360652380191
-0.45367737552366827
0.9143074999319143
-0.5834070329793077
-0.4782994556511382
-0.9086352349323836
0.9818419737010111
0.7124226787171399
-0.7088781251351943
0.8860574781412192
0.49030626412984746
-0.1658142801349849
-0.47041074688876594
0.9058337678411796
0.43013607507407836
0.7940954763707204
-0.9017980911443753
0.5138444872846886
-0.787745331930698
-0.7058047629407846
0.33393023570115976
-0.39741413736314213
-0.6338937341489761
-0.2600083810238165
-0.21664044722491016
0.7217135800808834
0.46361264804598745
0.20225759682136402
-0.344126978375904
-0.0969986161408749
0.8809279922352238
0.8018981926225912
-0.7240956875751237
-0.09095843000335702
-0.22996199772279935
0.6723312926731391
0.6493202775369333
-0.8720059793280628
0.18600677987202174
-0.4802618565910708
-0.6998844946569887
-0.2076664074180441
0.8732149474971509
-0.7698615472212287
-0.31978262949454295
-0.813963269681278
-0.0768169151937943
0.9147638167726069
-0.5149849026978017
0.839956675116772
-0.6972424148914553
-0.09053117383172449
-0.4830559514930657
-0.8349861183330154
-0.29973513327683365
0.37631259794218486
0.06348504715297443
-0.9913166393025397
0.7757667680197813
-0.45226743640988
-0.21006485807854713
-0.6834410945741272
-0.02380339012234023
-0.8695558675026656
-0.8499864101652781
0.12741509522587435
-0.28219333529568447
-0.5229732984018436
-0.9262674149441443
0.018327921505745914
-0.45216731297148827
-0.6212568693608567
0.9089021700799764
-0.9153444869996219
0.237642111266265
0.7885383012903602
-0.7484701287074573
-0.5104537804483957
-0.5424535752708703
-0.39793032486080815
0.20157159479601416
-0.052734195567446074
-0.3672851681571978
-0.35418641982807153
-0.7023913485859172
0.888743978493937
-0.41354554987669867
0.02169368400134908
-0.7569191797038273
-0.9178054478776545
0.7801919015474796
0.7506237350559799
-0.02512644047333179
0.8015419537391151
-0.5080338292398678
0.9486691927851127
0.7081858671646435
-0.6123193559707734
-0.057663410078135025
-0.22536272388299117
-0.5111707392143574
-0.48488780730911474
0.802827804546616
-0.5615122962052117
-0.2887469063207284
-0.42848403970495275
0.4693841582891969
-0.8799710836600503
-0.46648527933414985
0.2929555085036555
-0.7389947039045708
-0.5286002652589823
0.20480896945495242
0.34474752256781094
-0.4811971997760376
0.3532122338974757
0.37817770667743966
-0.10428204957014131
-0.5217043707428051
-0.5360413938758213
-0.3162654403715852
0.027663656447284524
0.5495421632663164
-0.10184859039411487
0.8756360297801995
-0.7324598575173407
-0.4014345110576969
-0.7241139356676527
-0.9692197153081299
0.19134045111763398
-0.43438729954970423
-0.38073219461715113
0.3671863797328856
-0.5264144780629088
0.49412614973213254
-0.17527521420596393
-0.4184612820276119
-0.2716205456557155
-0.7590730896936857
-0.7640264576621687
-0.336211130788461
-0.8621456129526144
-0.24876776622857588
-0.74809336901975
0.6299091860822075
0.4860555961882824
-0.587031768076151
-0.4113956011798463
0.8227045678928722
-0.8103263444839091
0.061036726620920634
-0.6523224463458759
0.1527161359939344
0.8179145062251916
0.4472968127708883
-0.24017902215015274
-0.28668293305806025
0.8659621797140598
-0.8929351811969988
0.728544978616251
0.6711818948812731
0.1949731382900155
-0.40177154241820023
-0.5221089657600639
0.7879787487670498
0.927998953417891
0.695089368014705
0.9793287093622673
-0.7303073166806195
-0.839725310775508
-0.129401773844942
-0.7884833951281349
-0.5988612214837978
-0.6604932173245195
0.8867137860733358
0.6139473126730179
0.8274287542360199
-0.44456689962641693
0.506456769321245
-0.41073333415671853
-0.0857458898237009
0.18653893823306533
-0.8094777558226343
-0.6338004245478264
-0.542813318530418
0.40775345341847813
0.6781277003413115
-0.047010011934168316
0.6636035738859043
-0.824351414985609
-0.7530108413682224
-0.7973365620688615
-0.6844850247620775
-0.784129827639465
-0.4332141393923721
0.8721269952428592
0.17567392138561067
-0.8344794089969847
0.6226122816595374
0.942042431286741
-0.3800510714011276
0.7410622985518553
-0.6146816007876861
-0.6848713013705494
0.5024730144195986
0.20953479666503938
-0.7581591310167823
-0.9238767407235795
-0.8932264041454312
0.1115612733017064
0.19328943536545506
0.04468334799827467
-0.5857697899837735
-0.8872309079325822
-0.18861414031439394
0.3559669248571957
0.9406587066996652
-0.5155359881291195
-0.028730694145009394
0.6281685181406809
-0.8152277865136337
-0.1491441509639575
0.1470591045618126
0.5378405663767101
-0.14897639642459515
-0.1207124886355948
0.06639465265297995
-0.8401433417281432
-0.6970080346344563
0.7895523775891775
-0.026820854478747824
0.7055766820437674
-0.39594598741543874
0.8349371109822461
0.8515672377223884
0.19760261700947734
-0.2967475490776479
-0.6283810691103935
-0.5048789706311005
-0.29259427463617405
0.5064921711558852
-0.9448618842548808
-0.7178447848727514
0.4187338112554282
-0.25440261686417265
-0.7288384938035615
-0.5608949145213624
-0.5329082821876867
0.7458107800624629
0.8421814911723782
-0.9963897527961627
0.6677400668528042
0.34100689251521654
-0.3361501201866339
0.5528508289621308
-0.8406087521836187
-0.7339284936104917
0.487844729133309
0.9377199941346683
0.5137550944457949
0.3582284770217252
0.7162976918386557
-0.5317997712216704
-0.06980453126633734
0.43272705475401296
0.3202291015538661
0.34910462051068913
0.43030266346112955
0.25788179723910853
0.9595560253286226
0.7192797382632097
0.7103294519125103
-0.21027699508249253
-0.38213382684270236
0.574264434409945
-0.6647373180564602
0.09401559979800633
0.483179881354699
0.32095539471386014
0.1320212268802181
0.8359294436146263
0.8847692733378432
0.29363486297343067
-0.10477984038286214
-0.6129926509316626
0.5102189480118715
0.32657515513851076
0.32219026398421846
0.8453121178785941
0.25441657891242575
0.31891563622578456
-0.5579792716301126
-0.9021150920901173
0.16572345636912056
0.15967460683741797
0.9260654230329401
-0.17735045263247162
-0.78779999202453
-0.33558781209138955
-0.8225961021215085
-0.7342402478012819
0.8083825550813326
0.7202010071515845
-0.6548873117715999
-0.566329229545945
-0.3877082690347702
0.6815002654754116
0.9252569271030362
-0.6958993711443606
0.741082804255045
-0.5352650560529211
-0.18474967959826905
0.9123492283853443
-0.33572718589824735
-0.038911357430304605
-0.09630069136480435
-0.9948158819100836
0.5323674292881742
0.9271661970090848
0.5724149648804606
-0.849391273135653
-0.9216483351974207
0.586540883434111
0.9113363196612245
-0.7681860305210488
-0.19608211812910614
0.9114931268367557
-0.0556085253380203
0.47702311616167226
-0.5433872600405592
-0.9185445143010591
0.316417347524774
0.0103383293566075
-0.37573617480456045
-0.7035841833919156
-0.8448503746205571
-0.3653761950178822
-0.3917276877497007
0.8760701916712272
-0.6316850232549747
0.3178163226309798
-0.0297627857164664
0.5724586710081023
0.33926531428965423
-0.3030792861425282
-0.35892253059278256
0.3393332447242945
0.8857474161052723
0.7274947805189032
0.5191668429885179
0.2884476447890991
-0.7338807369278388
0.744400387473209
-0.5646470513539577
-0.9688204613956384
-0.46835857256597757
0.7173811018358105
-0.675896475316186
-0.08533200638751892
-0.1813002077078385
0.529126521218539
-0.8451801958506957
-0.11611204721185264
0.06985833277554043
-0.5826730746183613
-0.18124205542413785
-0.4785684069312237
0.5899370126445211
0.7634524895893668
-0.8995338517522313
-0.8323235596237148
-0.9822718214342807
-0.4472860619894645
-0.3734720715843056
0.271978581543745
-0.18737237531158213
0.042254630574315444
-0.4383106602176332
0.03725965963767752
0.08467431668686687
-0.5344641387907749
0.1991076896997428
0.8562593229524862
-0.8925983275772493
0.30991940945240515
0.05163040631433646
0.4547705984552739
0.2318012643831806
0.6474419824567856
-0.16178688675147823
0.31817092379065226
-0.35038044814632174
-0.2831204010769206
-0.14510999510390854
0.825315789602483
0.0678854169216998
0.8909985969861018
-0.7536051592275732
-0.4848825613237844
-0.48721949794921326
-0.8126820150820182
0.6527551083071406
0.6872019366022839
-0.330101908430364
-0.597092394292394
0.8995180551244575
-0.8116439334521346
0.9669360185142948
0.33877256481211493
-0.7858244960881224
0.39121949048853866
-0.33074053762395383
-0.025088020798753607
0.11869350381178512
0.441930457831311
0.6827356565826834
0.4001973525283471
-0.7571264855923843
0.4038063632729145
0.4960620148571184
0.24234638782907236
-0.38603009956277257
-0.3605441536843781
-0.5490760190243176
-0.3805166989021689
-0.9575035133305607
0.8153731488106171
-0.8078478148754218
0.5328224132583796
0.8369381382603409
0.8928640908256518
0.5098328217982355
-0.45935774313337085
0.4404114226443592
-0.4088851695876259
0.0755682103329336
0.7778815337493483
0.2985044096729148
0.6898890442498689
-0.9694944389510094
0.0038057339789174804
0.6933526442620392
-0.5724661075444486
0.309844684054559
0.7579979730219983
-0.5644375155694472
-0.7752181725967622
-0.6273956954198245
-0.47835066701553397
0.8393142617576324
0.6903418097392338
-0.5849880615135696
0.2931041357346016
0.04954065650871109
0.2494177748930917
-0.1521835346829279
0.12041208058547381
-0.6575893972787616
-0.8746248693550602
-0.8477006431595782
-0.794940931465554
-0.8383764194953847
0.9676223573876621
0.5099426143209691
-0.3300747054819393
0.22202155145567404
-0.3734083582423069
0.5457076217308328
0.6994854901945775
-0.48355068275796165
0.53333291281821
-0.017767850143790342
0.9229447504103245
-0.4568675692713524
-0.7327650444926066
0.33117725704043677
-0.1490245390740803
0.8663796739202216
-0.6149452740994445
-0.3625515466244842
-0.3544113887992737
0.6493434340443394
-0.25913266123413625
-0.10223652763042312
0.6874825717924999
-0.14300278134840894
-0.37949576136310736
0.4223360028974943
0.043175275992169304
-0.8173421346618521
0.7855472533498711
0.12695012742415268
-0.06216466654034014
-0.22366269791810867
-0.9765856384790592
0.8906116954912784
0.9420005355800494
-0.023109017725797765
0.10726842712151785
0.8484429413297168
0.8873050641561198
0.5133064401675056
0.8105522040766324
0.7900107179970788
-0.12224023399284034
0.8750701757282051
0.037229606280052785
0.46333284894692595
-0.6650108570541848
0.2546048128286784
-0.3524342206034301
-0.23971810920439296
0.9735218483684958
-0.1481068126575964
-0.993328109330166
-0.07367290855633502
-0.4925627376384396
0.786233348186316
0.9138442300723821
0.8432592543579789
0.674636060567406
-0.18184342902273487
-0.47495457404030406
0.7042448892848951
0.7734152978111832
0.146899934764118
-0.7169974862558364
0.4520433094022942
0.48941624832944974
0.23536944487590317
0.38489797064103737
-0.7155084414959281
-0.7340454435653034
0.1955054265235956
0.9866434004476381
0.10059213903073227
-0.9756442633877331
0.9409951382530846
0.5453256232099644
0.8266468549337385
-0.7887312042111343
0.34816230980080154
0.17160469445773585
0.4070162908658177
-0.7412590652337061
-0.21844221143464848
0.987257439196094
-0.39063894915419994
-0.5951815676836003
-0.7984274305754113
-0.6738399169976077
-0.33928881029424307
-0.893727284857587
-0.3491536142904601
0.025211276093899837
-0.9195520725738506
-0.7102177581022793
0.7437763890892901
-0.8295775356964483
0.38828296856045696
0.6367151600584298
0.34469233251309017
0.9568052888805543
-0.8038680698417531
0.43766320334653397
0.836588306352946
-0.5888617366887243
-0.5275326833757945
0.26402254270042835
0.08599576497736994
-0.18751148001606088
-0.8606473818417189
-0.4509661390910773
0.4475903759019866
0.04831912718836273
-0.2973076435698485
-0.8501471629191393
0.8050087846617346
-0.6562631832196739
-0.15196679558849446
0.47044867556048997
0.09234135894146833
0.8338022087885961
0.5074929558799983
0.03724336916708393
0.2960834232894576
-0.9536090356605744
-0.29204030744901743
0.8007507213958678
0.8398702050086602
0.06925658819151281
-0.4289240458350281
0.12747272981714008
-0.06313733684455602
-0.06702193842393522
-0.21117932282798346
0.536972243009451
0.1335148219631812
-0.9917127150402718
-0.08736438852130202
0.7848322540968691
0.4344677521411915
0.11127064505610829
-0.5547791364063448
-0.49320710852494853
-0.4459147631112037
-0.9596053354892482
0.5930565896889228
0.67712950190618
-0.8481437420111428
-0.0630442879477342
0.7199337094366733
0.7320091730673233
0.08177738559993952
-0.4304970785260003
-0.7141542954152482
-0.680784034547077
-0.5598377490917676
0.19721993453418896
-0.6145940682035846
0.5640711308655229
-0.8474543401415577
0.05143300926499439
0.2623255178266508
0.0687341838010811
-0.2663929465642785
0.5695806892723123
-0.6992378329587201
-0.8328273190783542
0.8462148137270924
-0.9088404653584732
0.8939538257577317
-0.14054693354186387
-0.8044475468986605
0.8397567745871446
-0.17332030010467103
-0.6210848632686281
-0.4555830066556297
0.999438616339366
-0.9454569871138607
0.87715783513085
0.04701722502806094
0.8212955451295301
0.26196757782870583
-0.49800735511377714
0.8943789476795962
-0.49870280440221504
0.5101770538789852
-0.4604919072664875
-0.2813789755535092
-0.3749770081031263
-0.036915853552918154
-0.7511142335806769
-0.6608703036946837
-0.7525465742541537
-0.16710344817662892
0.699947283670755
0.17956390704778236
0.26394940537517964
-0.46805160326568607
0.5652509668534211
-0.1766217544494897
-0.5675220512796071
0.07884366051009395
0.2358927780346185
0.8783305597238842
-0.3773849687812538
0.45158831759537077
0.41124154095525056
0.42812025137905585
0.9285685827628944
0.2199756855992625
-0.41002808609847663
0.42407710256593667
-0.49033504787770976
0.9025835358079544
-0.3732754114517154
-0.34234952556151055
0.8762937249776299
0.18188125117035892
0.2817738191958692
-0.6406916200332036
-0.736797083467895
-0.17100847792072704
-0.9398087881258523
-0.32046286561628023
0.6087566567537785
-0.3803458625855556
-0.8207624030267808
0.3700349200733617
0.0037726218439964043
0.5137601623331887
0.34417807419405966
-0.23166033912355855
0.636806136157047
-0.37799946381389926
-0.28210527756133086
-0.9967358830453361
0.6295013724543406
0.3486644834107757
-0.35672666154308064
0.46538627236471863
0.7905799215008746
-0.9711746812073221
-0.7901332436312158
-0.7992457980856418
0.3411949857236798
0.2869723162949871
0.003988004644223775
-0.6439496668256179
-0.07910137212918178
-0.9237254228293283
-0.0925127681941138
0.04396908079804662
-0.32564862357236657
0.26853578782957377
0.7395972978016947
0.5948767649697015
-0.16123352030300198
0.265499599794335
-0.9997790266219384
-0.6322654398699012
0.9627396364171272
0.19438997916099332
0.3614322831316885
-0.06564266357155257
-0.8194894996919222
-0.7424768189750268
0.804567591978155
-0.815768176203767
-0.9049473458973207
-0.9886357606909797
-0.2632356360290382
0.2947272323032353
-0.5198778220163556
0.19279655172399934
0.6808938780205172
-0.5777671132800075
0.3288913687419286
-0.11178127007782379
0.6399543892668067
-0.9637854532478276
0.2467255576659062
0.7016126153412574
-0.7559674948141535
0.13264032006388415
-0.6621711319005941
-0.39173893115403713
0.16460437935431238
0.15488917675126856
-0.3761571039149094
-0.8016700863063673
-0.11189116536344224
-0.2651575618282296
-0.8200397273678646
0.6248324945964372
0.19396589401145525
-0.5165781211723901
-0.8635924990743198
0.4880234417081284
-0.9088127398026475
-0.956450172815928
-0.3148710712876239
-0.08237284851560855
0.31521678936197417
0.08732556072070308
-0.7640625492051638
-0.2653214748875923
-0.9668900180539575
-0.25730816467059614
0.5614865780596257
-0.9231599400994779
0.6731623924230761
0.1799600587056145
-0.2607307045944549
-0.6558071008855295
0.11497099380952669
-0.17575713159478412
0.9170062955606408
-0.2648099600380376
0.13169707493513516
0.583179368385081
0.8741763196551422
0.7170756269206664
0.9497952893665733
-0.6232373274624392
0.07511542484891676
0.6348418091724657
-0.8362911600865479
0.56169659915497
-0.7071549625240325
-0.6750965155898825
-0.05784274012113122
-0.03200331566941128
-0.30020385543054373
0.4476420872576361
-0.5200062022355194
-0.9616882631292507
-0.812599967054324
0.9197339185533671
0.21387295244735394
-0.6866129241582237
-0.996869576476775
0.6356440857155188
-0.9261059994437444
0.2620907298662818
0.5168091320683876
-0.6744607663811255
-0.07430565369855402
0.03330990642935583
0.985030981613165
0.37700826952850575
0.9349948447690868
-0.9825551309107299
0.18289632829050095
0.2641483993349081
-0.9992585114640309
-0.16824251658007028
0.5458232376606922
0.9925093173785522
-0.5306498386361731
0.7497900259058212
0.616815317451092
0.6430751745612635
0.6267717702100182
0.5726152822925403
-0.5382030872711734
0.37055167042807713
-0.1794038301532359
0.7167778337023876
-0.14196172422872033
-0.8634749255694962
-0.5304032245565997
-0.1612992213421307
0.18950856322893506
0.3055025959526738
-0.7006583568193632
0.873454524205671
-0.44809267691484345
-0.5784841127928613
0.04373417152389547
0.6534250866106766
0.04742665555241654
0.35223568174572706
-0.4994730751979546
0.33672054033170506
-0.9729121726946299
-0.6618098833893289
0.4993646379570025
0.3964683141922565
-0.0696863699239052
-0.4231444457195992
-0.31075896417144633
0.11219938148206454
-0.17637595101300896
-0.8947444083723106
0.5377062290318584
0.9422225557515838
0.36019474134087326
-0.5468337853101017
0.989044051234879
-0.3320969394330062
-0.4368923781576768
0.12529911761982393
-0.3220266736273547
-0.2864669998571163
0.5878881121787627
-0.4422785065207362
0.32561399435096594
-0.16915169995903367
-0.7538535740679888
0.11970037895858998
-0.10696040482493374
-0.7795999112923622
-0.7689602290566051
-0.01843743712232393
0.5120970969931244
-0.4812646607227038
-0.28273780756004796
-0.42861668301702527
0.027688589799043983
-0.8752175059930503
-0.1465322314365134
0.7684428277033717
0.9855453789847468
0.6224794278537187
0.5529153439246806
0.4769073021394208
-0.7030579307695151
-0.21469334885362468
0.27797820300262077
0.27608992179386305
0.2974885277185857
-0.18494809419943925
0.9126405954534969
0.9427483237685559
-0.908390902197932
-0.014589086388969497
-0.026802072443195657
-0.8275207051906799
-0.6579913333436032
0.2608904859000736
-0.3832936867893544
-0.32110706838119163
-0.39611992296974763
-0.9225557948680829
-0.9314654943963394
-0.3857617622969065
-0.9288107904354896
-0.7389163388195996
-0.8905383899210468
0.3965053743637861
0.11484684632262598
0.519895227214249
0.2103861447862736
0.9177320884693636
-0.1800318993243364
-0.5546349891948599
-0.31574120412783113
0.7981240957257896
0.2886757550321031
-0.7124441164509112
0.43846140948107326
-0.21642666820774492
-0.0869774076288623
-0.042484487995258835
-0.6818897984533503
0.9479630831877845
0.04614256638797243
0.5194364920482242
-0.2019979789647539
0.40779859932937046
-0.422333499070801
-0.31304248816782887
-0.008187278089198058
-0.25380897568333327
-0.025797999075410916
-0.8666697137900248
-0.19401282944040155
-0.4221142543614651
0.6801593827530974
0.544223203818643
0.7128940661002516
0.6996871167184266
0.6528601847361393
-0.46755079491068874
-0.44779326069744974
-0.33871045342058625
-0.2546380103775878
-0.042959111140217
-0.9027291330717337
0.14747618583644728
-0.11585218989753931
-0.8808301137709809
0.5810464188079505
-0.9701502572684586
0.05269306042630362
0.48526470866755744
-0.4302975322997351
-0.9227659544601403
-0.12134255700465446
-0.6258394510256107
0.016943529445097028
-0.26170476034145906
-0.6479719010398581
-0.7380985606659021
0.9721865606296958
0.9430894629794808
-0.11416306857354264
0.8912016230395299
0.6651982001954857
0.30411306384580605
-0.567741451950764
-0.2507931115723441
-0.8885455152185269
-0.09388556405149062
0.8772232961701574
-0.7362476396031288
0.3864602418221543
-0.9519724994844132
0.615172492203923
-0.5310342819952654
0.0831245596049981
0.24463884248319956
0.3024874682846388
0.1302154327983931
0.7008606113327687
0.8540820491055163
-0.9272154991909975
-0.8991452903013881
0.4551515966115276
0.8692522147045483
-0.1736659766359332
-0.297234336413551
-0.016119024643773017
-0.9010793819026768
0.7744213044481256
-0.4997807289723668
-0.002733657212975027
-0.7264511699625671
0.4863094593834192
0.3701685055335495
-0.13628649860711106
-0.5706375464702269
-0.9980749591409943
-0.703583921831102
0.6826632109875441
-0.38217554790141617
0.46588641960802635
-0.2469293338733114
-0.37208150786493155
0.925932124581845
-0.32884329801174306
0.1404068110393928
-0.2040183737611383
0.04375975366086293
0.8785168072888692
0.8515593037488585
-0.9420729094237994
0.4178288942408923
0.47175882972046046
0.16224780686237783
0.9844356863891126
0.6109095590861555
-0.4604723294828301
0.7013943658169381
0.04853344575422902
0.376141172420978
0.061512017720484424
0.13318530847627152
0.5117555954082931
0.8901852344233501
0.797108243506977
-0.3193537424204693
0.6736795685499168
0.8697406697432992
0.10018837389278934
-0.4031592848685752
0.3010084165036948
-0.1727075693819391
-0.5948503953140505
-0.7665258719779149
0.4069727135950405
-0.5674357386755602
-0.8337491810667543
-0.7044129028358792
0.2068694462031968
-0.9018332120300905
-0.35999212831401906
-0.731538763941467
0.9266314987876996
0.6894587134244554
-0.3492823032434824
-0.3647031798955709
-0.3742420863562439
-0.4483437339135692
0.09965346482996096
0.28255870961416196
0.5220973558145698
0.5045132926162614
0.8024503612581295
0.6244661413126791
0.6059117764612976
0.16698745852880537
-0.4416717294755452
0.4583529699859872
0.02287099267546755
0.45668870277015006
-0.4417674486915504
0.8836440982979386
0.6996628291068987
-0.7703993791157668
-0.7537852573611812
0.6863063657527306
0.8838111529008588
-0.37360276600413855
-0.581229259646409
0.48257043185399606
-0.8865966997945176
-0.44391806895503305
-0.43324408663719516
-0.5357646676870973
-0.4783342172239937
-0.18633313252593608
0.9219278535821942
0.12429087196969091
-0.7507881113229489
0.4164499314127157
0.06298814206188075
-0.7754700569822461
0.5906135279074554
-0.05691852625307958
-0.10224674866815442
-0.8708165687046374
-0.3769342762351551
0.631841977709501
0.3308598533989051
0.3057692047331977
-0.5360186557449031
-0.15103367235294707
-0.23060197324754417
-0.8174061142882059
0.21328166811591331
-0.25924003115218497
-0.6711927598557359
0.7240106257380869
-0.8190020583190869
0.5701924189033598
-0.8636295852135372
0.5740936123678098
-0.29730575728285213
-0.5862191425447403
-0.8872878090289029
0.5697105255300154
-0.5242600612431472
-0.7643879002246681
0.8372291155907869
0.8577058509488473
-0.13595139310159965
0.25808014923647327
-0.90966984792507
-0.09871168398467378
-0.5003470685302334
0.2967131043186979
0.12671257423543714
0.3186202756337557
-0.027411636219244473
0.11785322379287377
-0.6174421922305946
0.9665750826225097
-0.005768002108796022
0.4201425555030258
0.4966191861179976
0.30549713386527744
-0.9584285567980766
0.21103785611370918
0.24139262778558712
0.7324226741721573
0.0591676266576564
-0.1270282214646672
-0.1365479474036453
-0.6732793984801488
-0.043191460556572636
0.2816650102699858
0.6952603863908364
0.2741331681641339
-0.5662397327013873
-0.3552035729702159
-0.26875933793965334
-0.59780178935901
0.7908682683997688
0.31093966392897343
0.5911268021149803
0.8243752454925322
0.4234182082242788
-0.3024330026641875
-0.7860841615068619
0.20804648079276733
0.036838544789831396
-0.6613925459274221
0.2800724541417039
0.8818920760932294
0.6033011805544743
-0.8947980178805928
0.95094692906538
0.9860837261697821
-0.10665291049695291
-0.4768823844805061
-0.33811992471886754
-0.9103048894264043
0.2327027909916244
-0.7312315887736112
-0.9151819965203951
0.039946514901453734
-0.0652316284670218
0.2518302146881941
-0.5824380314303288
-0.995955511358166
-0.3286959893716177
-0.6928117445132453
0.9176203521091644
-0.584720872573556
0.49210354238837795
0.8795495332506915
0.03584548531891518
0.39099408756942733
0.5057239920153878
-0.3649822703548593
0.878296606491255
0.3506614572291653
0.15672985848354326
0.5316149426095564
-0.8486096237317708
-0.6191674266201284
0.1989330895651804
0.6971617651154729
0.23528394653854012
-0.5660747198999276
0.6465407250495416
0.35570006235494134
-0.7475739449679695
-0.42889851849159166
0.3474016736358583
-0.5330193447821969
-0.6271046848540227
-0.6088974056584651
0.6465395052450416
0.27453470033526184
-0.743796605755298
-0.5210963339878341
0.14576870332061342
0.23493490880107792
-0.46320347483758995
-0.2592483108736121
-0.02679578102617275
0.3821088333507032
-0.07793049636150284
-0.6033436980581093
0.8219653497033137
-0.8559501151129456
-0.5596877819738177
0.45350012328851785
0.2853273139824819
0.03962423396466219
0.5911157392401045
0.25748459682963776
0.9274890664455977
0.10236502884741738
-0.19731695120560877
0.2916257448268793
0.24448299437395882
0.49258146595646735
-0.6628201898903927
0.5929654649148184
-0.45951154022889096
0.1714368049766093
-0.41551549477057415
-0.8274716000938522
0.4213875342614293
-0.43796152121832477
-0.9449265056379905
-0.7340680146595533
0.80988479655442
0.9398942870270497
0.19021697961236073
0.22808414823938805
0.5501975680265683
-0.02031103561719383
0.26989552313795695
0.2425993591541713
-0.6490557163881143
-0.6063969461299186
-0.10915138997602991
-0.7365820684998576
-0.09518332693633136
0.554736467380516
0.8315540808516588
-0.04741321922935726
-0.22733948741034693
0.17665695044805352
0.12043093569817498
0.8336801588866534
0.09268836552462711
-0.9804863608274881
-0.11915090651397597
0.8052203170481906
0.7500778123725387
-0.655945853407313
0.9702533018270345
0.4274329204005458
0.21684990926202818
-0.052808033066659155
-0.37865546651208715
-0.43474594331767413
0.27983403056670375
0.5003323639431214
0.4380478544879718
-0.3301287853769186
-0.9121669011160116
0.9238356656479847
-0.8479509337215354
0.7914036132143074
0.949704045996955
-0.30920105161547395
-0.693603213832028
0.755104677558045
0.5849790972481768
0.6599595018419244
0.9301539769337628
0.16181090723893088
-0.5205806404305016
-0.7893318837543544
0.13110841929452577
0.4975413990896522
0.36966108671461284
-0.05745890973079981
-0.7164131378839835
0.5785059651260274
0.5205779301007833
-0.6373041154358434
0.803270699524423
0.9853891128823471
-0.2221994057144827
-0.9192035557221132
-0.7319381095975837
-0.7097362767619511
-0.25184809399752583
0.7978376054319298
-0.7122089582181792
0.7582972280348923
0.7602985905522734
-0.852489847763614
-0.6332881026066532
-0.38428201430056763
-0.9645623350066452
-0.7815455964194318
0.6482444028824432
-0.1352250933085779
0.4780623000003199
0.3810155766900045
-0.06071622026426504
-0.8102524418444059
0.7750844668564649
-0.9130916995304901
-0.6490279450105367
0.8386230209915082
0.7994971432040412
0.713338512299976
-0.45222776396739284
0.007081935192048805
0.5155167821994129
-0.8139967851572478
-0.5186586038213619
0.4935691433513334
0.5828027626896077
-0.7085877487203709
0.8492067358829629
0.11702772391847405
0.12063549387716477
-0.14838215170006763
-0.23184203159597594
-0.2601712209155558
0.4839650903256616
0.8478950032841475
-0.9517944958909454
-0.32914158620493406
-0.48898869210452434
-0.14770853891256275
-0.38129642296515853
0.07404943254775809
-0.35706454069431315
0.6129608584015571
-0.20922743830364965
0.12635814870142936
0.49392047932619443
0.22886164452166868
-0.11248210148118298
0.31329881444193886
0.45775041897310587
0.710670880782257
0.5274335475603718
0.6488421033781118
-0.020980964952133085
-0.9643237189321345
0.3360670492767075
0.9746848786213105
0.6103512159276514
0.9825198491373006
0.8838994959624655
-0.9255642368710855
-0.24568362251163367
-0.049298510958531994
-0.05530672317585905
-0.9625562207205423
-0.12520989867851995
0.153260297388925
-0.1027623975782006
0.9294318877122618
-0.11872648391751373
-0.004806434891819089
0.5974073355391962
0.5615064954487554
0.20494617845041163
0.760601823232665
0.46911002604294616
-0.00578858086398526
-0.522215085712511
0.19705903458534157
0.04796185718489876
0.2000954906227248
0.9268729103303937
-0.06525736203666721
0.13417229203875758
-0.9824639717148542
0.21516528474324104
0.8173931560761425
0.2725487126808066
0.7723531117541391
0.2269846074389672
0.3327938620433215
-0.2147916232459095
0.07431106806313403
-0.07725769781007674
0.7484061643580147
0.3822581180832161
0.40691856118109615
-0.707086955232461
-0.3132696297669555
0.11249870044129229
0.8996399461775628
0.7326152466996658
-0.46140564916588467
0.2640063809233215
-0.5590505645232346
0.41692764503506496
0.6154069317966646
-0.4102532940849748
0.3078085656554983
-0.45458919116200813
-0.7915694982272519
-0.5183682139442058
-0.7553274430575723
-0.700263451185424
0.5499296057591267
0.410833056467641
-0.3937811778324074
-0.9334776437079619
0.6138543572928914
-0.33153489893476684
0.6120637435410561
-0.5878355137781375
-0.4003746173900684
0.07093270009805375
0.20638559110631793
-0.23556725007142454
-0.5922720151602807
-0.4789425754908021
0.03449328072047586
-0.8634185533131389
0.9740093713777971
0.3157430751506578
-0.29787353034831376
-0.7886677975860574
-0.15100110445198744
0.08779216909789644
0.6226054891899317
-0.31228746916590633
0.721367523795617
0.8617814047071155
-0.6590605160774674
0.3144058991391987
0.06833370123746496
-0.8516486752190513
-0.13201108443628673
-0.9839318813104485
0.26198112561298226
-0.10820376922719088
-0.08502203812949638
-0.7459287631145146
0.31084243955722535
-0.8553266290504684
0.6013534617968801
-0.6614068555509958
-0.7040112018651006
-0.35755271570814506
0.6500494358475493
0.40631402314005505
-0.6603107858505006
0.5389025533598102
-0.9597604322745776
0.22453491099189504
0.8499552466432341
-0.4679211667175003
-0.0785430814159116
0.23558822278399738
0.5048873191552272
-0.10568434938793048
0.4686630076265639
0.9221161150513606
-0.9094945294626526
0.7490157616585151
0.6865272217022513
0.7712719366226497
0.9465175741590839
-0.8758256593630953
0.5681088000588728
0.10648378904761735
-0.8340416521040455
0.3978042995943323
-0.36106939526604664
-0.8645788701748343
-0.503979009586333
-0.3258425388533923
-0.058836516001133043
-0.25941842014225913
0.8333992396044732
-0.7484464288462931
-0.13544605113879205
-0.8724303355085499
-0.3213760016397851
-0.8097203433323457
0.5843743680799289
0.013119002741984742
0.07218910101652654
0.9097616254579255
-0.3903940348088044
-0.1356784817762946
-0.8534607344386087
-0.2804535927304783
-0.5193868989300048
-0.05792905203223864
-0.24312400664124634
-0.5795729847891504
0.9054145929408501
-0.09371642673033476
0.0977252581518897
-0.5178707850534809
-0.8646453664339822
-0.762488205938866
-0.38208030090712675
-0.8818762280333423
0.2889074803682006
-0.9746595948888312
-0.9717712827544787
0.2437067499260901
-0.16544542036386845
0.47095045034029126
-0.6510053596123626
0.7936043718158226
0.4508935224818327
0.5795957169151462
-0.900743120461148
0.002761107970123078
-0.5602640639885106
-0.15933735863087684
0.5496792105882051
-0.6034948534040803
-0.3884224840720931
0.7782960127435967
-0.6854374823481473
-0.6198755768213258
-0.9519102581053385
0.16208777394310592
-0.42885439246124646
0.8007549400879861
-0.8263573877008867
0.6766700158718104
-0.8942023250059559
-0.16040564407901203
-0.06831679566486715
-0.47472413101984334
0.3555499293645228
0.5176790266295475
0.5777070932974304
0.440331569875384
-0.9797424787929905
-0.703675616329664
-0.15439803313676914
-0.91131839109725
-0.05725875900238253
-0.41168743201074975
-0.7492655325472102
-0.5121572912185801
-0.7910551453687071
-0.620623464147809
0.9199588546982056
-0.5231461919376985
-0.481828369967795
0.5481452760550758
0.3231810705474776
-0.9137751602863116
0.05199954563826781
0.9637929877759936
-0.9319977523793612
0.7552123686614989
0.17543589866802334
-0.7438838510912895
0.004935201692476188
-0.25691440079463734
0.33249996830929884
0.8333840271250439
-0.20086891393653783
0.42346732264635345
-0.7541880347131369
0.726996600744646
-0.7959627857909064
0.1262076610605749
-0.2856652088277063
-0.9264368907965894
-0.6686764355925874
0.17101793438750224
-0.5965089519301836
0.9113188321047323
-0.6997494601620455
0.4858447931589047
-0.40226170952141826
0.3545226633867893
0.11207603774356278
0.5871007530376902
0.9731889894085521
-0.3381478569509775
0.6805676600177504
-0.2801552177777793
-0.8213539547018134
-0.8698889954105031
-0.3404708899346449
0.23648798842718
0.8989612441684924
-0.026322129580081732
0.4704454251197989
0.17391993826660168
-0.7780183899333746
0.18027673267401978
-0.931983368222671
-0.2006157561810007
0.24847498565282966
-0.10411021171179935
0.1500241202563093
0.5825812761431433
-0.4257163718101158
0.8075089122964632
-0.647598937588421
-0.7108815786712863
-0.30519826132274663
0.8987052727738492
0.15377353039587205
0.4078354936615811
-0.4706990294816946
0.4548317917205962
-0.7681863408810778
-0.3567784227557249
0.8324741151444639
-0.4830863609145819
0.6097938820253068
-0.5911797977971012
0.0657983230781709
-0.2521543526328782
-0.7569122256926446
0.9700435688706921
0.7011790446922022
0.9286133387187461
-0.9466605665275414
-0.37364064563755983
-0.1356616214845503
0.33281470163147
0.6991201179072215
0.5133511360185934
0.9721497135585349
-0.3737419689688246
0.6993174842943848
0.31126007364342767
0.9444820123959072
0.061865579916220215
-0.27006211209103825
-0.42063894982116823
-0.1796890083804339
0.6034885807895081
-0.9694586251564021
0.3947548723202745
0.5188363936758651
-0.2711817369054823
0.44229313762674183
-0.48714264533673446
0.31172310553215077
-0.4470610984064689
-0.32768524312924185
-0.02269926727000282
-0.40222031714945383
-0.13062648180126213
-0.7730294614521163
0.41460397545091054
-0.7291562253365602
0.8663530847609546
0.28226170406686424
-0.9163381970120645
-0.9362451641217309
0.10296868766329759
-0.8494053767627441
0.1913783147762349
-0.4980795304171617
-0.7710834555157666
0.03262092010961082
0.8161603345182338
0.10645735071710982
-0.37762077068701094
0.48046663053382344
0.14782153794170783
-0.9438791726440041
0.11349293198038257
0.8029020199908867
-0.9176165274715051
-0.5844581437614702
0.40741859681453096
-0.6080761379170707
0.7291701589916337
-0.3222808526039209
0.6417628954957655
0.9990607932319227
0.23647147384998735
-0.10213604488483785
0.26993138033007247
0.2995527972562759
-0.5691759968577097
-0.7435413594833502
0.8695442078762461
0.7620874056558489
0.0804310267168784
-0.007654440131216633
0.9170137566607599
-0.8960150471549719
0.20298415140367432
-0.8333204683980933
0.0807357683581682
-0.41497808933345515
0.031372960022300944
-0.16457875449706916
-0.8613138244874636
-0.35184279992789724
0.4978147743661494
0.6803288602975424
-0.17160624834361138
0.023618374487751392
0.7756339536580243
0.41898110438219116
-0.631721704211075
0.5515589607624019
-0.6841205245332516
-0.643354619139292
-0.17445443449580056
0.26485605580767135
0.15039497408850755
0.34808238654264456
0.554642607258583
-0.9632447355893532
-0.862757751806092
0.6605446963093915
-0.4008963306674602
0.30348054897550525
-0.10049541541313922
-0.3851142687908211
0.25866446157522915
-0.8779137738925851
0.7077981899628438
0.6821125773226042
0.6102061608895895
-0.1291046380775973
0.45532714437488786
0.6523440785625028
-0.668956696262605
0.788482696616609
-0.334423859101189
0.8508954682844401
-0.829543236016685
0.5285183397859545
-0.9814068738270783
0.4802808960482532
-0.9835360561618482
0.9462566858010439
-0.24793263455174386
0.6434940586530769
-0.6704989242209447
-0.37385635692893904
-0.6972002080622874
0.2695155781574905
0.9909024982870318
-0.6556202142892105
0.17015243568426763
-0.5868781751954768
-0.18260296724997427
-0.3051608313006626
0.4102479453642909
0.19745328807535079
-0.40458850393634727
0.5130499362861041
-0.521936747581867
0.6606113497092785
-0.5871982008806362
0.1654173047594072
0.8091466518139079
0.5887800675000545
0.5690259954464276
0.7621024008653217
-0.4862263064870227
0.7071076204844
-0.16968227300382077
-0.6369007358781607
0.4573004018942084
-0.47023113466009403
-0.314111488522566
0.15303320854116764
0.00023438193565161747
0.04918263376629639
-0.5356139093466812
-0.14233137240421545
-0.7774445416702362
-0.2934516127186919
-0.3280423736385567
0.1564742494408553
0.10955914614014972
0.7365004070414918
-0.8404259920012318
0.7707085926423458
-0.21048198117629657
0.5524942463278721
-0.10965265058960871
-0.16697724487847498
-0.5374532785159689
0.46230006386489
0.4767992401605605
-0.9533716740292806
0.4210718174065511
-0.8839934181322935
-0.5416202678311877
-0.7429195339982033
-0.2856683357384
0.6337770748640517
0.5112278817465763
0.8898939808092305
-0.9635038343433693
0.33355371012043533
0.3071605353932316
0.9831864736424818
-0.10719171916438919
0.556677504320287
0.612227680387518
0.8667209878449533
-0.9650948545275577
0.6881470451731468
-0.7008939489898565
0.42866778374718795
-0.004328620651747883
0.29935665361214103
0.8095141787888935
-0.7958384556925127
0.23165839087616225
0.22011532282802126
0.9575634686379852
0.35008918348198326
0.3968339973065609
0.5846721206844048
-0.7916490354930998
0.38021434903675444
0.7306090963479144
-0.04251600665940303
-0.3012362611072361
-0.9876834773493666
0.45315055949943805
-0.19339846431525998
0.340820392231709
0.01638303905832683
0.18320177768695323
0.08934370157200955
0.616651444261962
-0.04942071861914599
0.5735382013097168
-0.803674650958436
-0.822392466858741
-0.5015060912540925
-0.8313515925686084
0.8560945850072943
0.7472899967609328
0.7619803579854836
0.3825130764535569
-0.09245868953185044
-0.12667796385333085
0.4357568754487613
0.5567979878763822
0.20142467808288833
0.3778638364188991
-0.04699005173955939
-0.7861575275142132
-0.9028968538596098
0.8603448813838666
-0.93674573670068
-0.3098314657285719
-0.030999053467427595
-0.38771315443826615
-0.5760143179738579
0.6471147167594802
-0.9188509873259303
-0.6279661354404507
-0.566109484248011
-0.3790733294564803
0.47230686212596584
-0.7219235852612473
-0.049890127574345744
-0.7176969840250829
-0.25529113593923203
-0.7720220382787575
-0.20649879010441752
-0.968770592794415
-0.44641318391938833
-0.037044080675726176
0.3582141743190528
-0.541492400138786
0.6501561359599153
0.5978739952623957
-0.5548353905560202
-0.44026422429202006
0.4199607804070433
-0.9780544072817394
0.9355570938949496
0.6378603664516724
-0.3412480153724866
-0.34228407142488115
-0.11524015441386792
0.4502293037746601
0.8066946875491985
0.7190825296962782
-0.7351028415044716
0.3606065288000262
-0.4578991721365473
0.2902747429807102
-0.22486676262796168
-0.10798224687625724
0.6975381716087068
-0.3082500896831224
0.632213924326968
0.22419941953791356
-0.7353647015941014
0.628211688210472
0.8783309178447947
-0.49666769118279697
0.8486459816154821
-0.9094834777447438
0.90728827548446
-0.5460245623985327
0.5370985129067523
-0.32585648280590296
-0.6663371064848187
0.2378763789702414
0.7085110023512871
0.860162246721079
0.5000571874086724
0.6511662863159199
0.5733779454085566